0.687500	0.000000	-0.049780
1.375000	0.000000	-0.040328
2.062500	0.000000	-0.011670
2.750000	0.000000	0.023288
3.437500	0.000000	0.045996
4.125000	0.000000	0.048533
4.812500	0.000000	0.036694
5.500000	0.000000	0.020812
6.187500	0.000000	0.008255
6.875000	0.000000	0.001702
7.562500	0.000000	0.000038
8.250000	0.000000	-0.000249
8.937500	0.000000	-0.003303
9.625000	0.000000	-0.011983
10.312500	0.000000	-0.026229
11.000000	0.000000	-0.041776
11.687500	0.000000	-0.049780
12.375000	0.000000	-0.040328
13.062500	0.000000	-0.011670
13.750000	0.000000	0.023288
14.437500	0.000000	0.045996
15.125000	0.000000	0.048533
15.812500	0.000000	0.036694
16.500000	0.000000	0.020812
17.187500	0.000000	0.008255
17.875000	0.000000	0.001702
18.562500	0.000000	0.000038
19.250000	0.000000	-0.000249
19.937500	0.000000	-0.003303
20.625000	0.000000	-0.011983
21.312500	0.000000	-0.026229
22.000000	0.000000	-0.041776

0.687500	5.000000	-0.049780
1.375000	5.000000	-0.040328
2.062500	5.000000	-0.011670
2.750000	5.000000	0.023288
3.437500	5.000000	0.045996
4.125000	5.000000	0.048533
4.812500	5.000000	0.036694
5.500000	5.000000	0.020812
6.187500	5.000000	0.008255
6.875000	5.000000	0.001702
7.562500	5.000000	0.000038
8.250000	5.000000	-0.000249
8.937500	5.000000	-0.003303
9.625000	5.000000	-0.011983
10.312500	5.000000	-0.026229
11.000000	5.000000	-0.041776
11.687500	5.000000	-0.049780
12.375000	5.000000	-0.040328
13.062500	5.000000	-0.011670
13.750000	5.000000	0.023288
14.437500	5.000000	0.045996
15.125000	5.000000	0.048533
15.812500	5.000000	0.036694
16.500000	5.000000	0.020812
17.187500	5.000000	0.008255
17.875000	5.000000	0.001702
18.562500	5.000000	0.000038
19.250000	5.000000	-0.000249
19.937500	5.000000	-0.003303
20.625000	5.000000	-0.011983
21.312500	5.000000	-0.026229
22.000000	5.000000	-0.041776

0.687500	10.000000	-0.049780
1.375000	10.000000	-0.040328
2.062500	10.000000	-0.011670
2.750000	10.000000	0.023288
3.437500	10.000000	0.045996
4.125000	10.000000	0.048533
4.812500	10.000000	0.036694
5.500000	10.000000	0.020812
6.187500	10.000000	0.008255
6.875000	10.000000	0.001702
7.562500	10.000000	0.000038
8.250000	10.000000	-0.000249
8.937500	10.000000	-0.003303
9.625000	10.000000	-0.011983
10.312500	10.000000	-0.026229
11.000000	10.000000	-0.041776
11.687500	10.000000	-0.049780
12.375000	10.000000	-0.040328
13.062500	10.000000	-0.011670
13.750000	10.000000	0.023288
14.437500	10.000000	0.045996
15.125000	10.000000	0.048533
15.812500	10.000000	0.036694
16.500000	10.000000	0.020812
17.187500	10.000000	0.008255
17.875000	10.000000	0.001702
18.562500	10.000000	0.000038
19.250000	10.000000	-0.000249
19.937500	10.000000	-0.003303
20.625000	10.000000	-0.011983
21.312500	10.000000	-0.026229
22.000000	10.000000	-0.041776

0.687500	15.000000	-0.049780
1.375000	15.000000	-0.040328
2.062500	15.000000	-0.011670
2.750000	15.000000	0.023288
3.437500	15.000000	0.045996
4.125000	15.000000	0.048533
4.812500	15.000000	0.036694
5.500000	15.000000	0.020812
6.187500	15.000000	0.008255
6.875000	15.000000	0.001702
7.562500	15.000000	0.000038
8.250000	15.000000	-0.000249
8.937500	15.000000	-0.003303
9.625000	15.000000	-0.011983
10.312500	15.000000	-0.026229
11.000000	15.000000	-0.041776
11.687500	15.000000	-0.049780
12.375000	15.000000	-0.040328
13.062500	15.000000	-0.011670
13.750000	15.000000	0.023288
14.437500	15.000000	0.045996
15.125000	15.000000	0.048533
15.812500	15.000000	0.036694
16.500000	15.000000	0.020812
17.187500	15.000000	0.008255
17.875000	15.000000	0.001702
18.562500	15.000000	0.000038
19.250000	15.000000	-0.000249
19.937500	15.000000	-0.003303
20.625000	15.000000	-0.011983
21.312500	15.000000	-0.026229
22.000000	15.000000	-0.041776

0.687500	20.000000	-0.049780
1.375000	20.000000	-0.040328
2.062500	20.000000	-0.011670
2.750000	20.000000	0.023288
3.437500	20.000000	0.045996
4.125000	20.000000	0.048533
4.812500	20.000000	0.036694
5.500000	20.000000	0.020812
6.187500	20.000000	0.008255
6.875000	20.000000	0.001702
7.562500	20.000000	0.000038
8.250000	20.000000	-0.000249
8.937500	20.000000	-0.003303
9.625000	20.000000	-0.011983
10.312500	20.000000	-0.026229
11.000000	20.000000	-0.041776
11.687500	20.000000	-0.049780
12.375000	20.000000	-0.040328
13.062500	20.000000	-0.011670
13.750000	20.000000	0.023288
14.437500	20.000000	0.045996
15.125000	20.000000	0.048533
15.812500	20.000000	0.036694
16.500000	20.000000	0.020812
17.187500	20.000000	0.008255
17.875000	20.000000	0.001702
18.562500	20.000000	0.000038
19.250000	20.000000	-0.000249
19.937500	20.000000	-0.003303
20.625000	20.000000	-0.011983
21.312500	20.000000	-0.026229
22.000000	20.000000	-0.041776

0.687500	25.000000	-0.049780
1.375000	25.000000	-0.040328
2.062500	25.000000	-0.011670
2.750000	25.000000	0.023288
3.437500	25.000000	0.045996
4.125000	25.000000	0.048533
4.812500	25.000000	0.036694
5.500000	25.000000	0.020812
6.187500	25.000000	0.008255
6.875000	25.000000	0.001702
7.562500	25.000000	0.000038
8.250000	25.000000	-0.000249
8.937500	25.000000	-0.003303
9.625000	25.000000	-0.011983
10.312500	25.000000	-0.026229
11.000000	25.000000	-0.041776
11.687500	25.000000	-0.049780
12.375000	25.000000	-0.040328
13.062500	25.000000	-0.011670
13.750000	25.000000	0.023288
14.437500	25.000000	0.045996
15.125000	25.000000	0.048533
15.812500	25.000000	0.036694
16.500000	25.000000	0.020812
17.187500	25.000000	0.008255
17.875000	25.000000	0.001702
18.562500	25.000000	0.000038
19.250000	25.000000	-0.000249
19.937500	25.000000	-0.003303
20.625000	25.000000	-0.011983
21.312500	25.000000	-0.026229
22.000000	25.000000	-0.041776

0.687500	30.000000	-0.049780
1.375000	30.000000	-0.040328
2.062500	30.000000	-0.011670
2.750000	30.000000	0.023288
3.437500	30.000000	0.045996
4.125000	30.000000	0.048533
4.812500	30.000000	0.036694
5.500000	30.000000	0.020812
6.187500	30.000000	0.008255
6.875000	30.000000	0.001702
7.562500	30.000000	0.000038
8.250000	30.000000	-0.000249
8.937500	30.000000	-0.003303
9.625000	30.000000	-0.011983
10.312500	30.000000	-0.026229
11.000000	30.000000	-0.041776
11.687500	30.000000	-0.049780
12.375000	30.000000	-0.040328
13.062500	30.000000	-0.011670
13.750000	30.000000	0.023288
14.437500	30.000000	0.045996
15.125000	30.000000	0.048533
15.812500	30.000000	0.036694
16.500000	30.000000	0.020812
17.187500	30.000000	0.008255
17.875000	30.000000	0.001702
18.562500	30.000000	0.000038
19.250000	30.000000	-0.000249
19.937500	30.000000	-0.003303
20.625000	30.000000	-0.011983
21.312500	30.000000	-0.026229
22.000000	30.000000	-0.041776

0.687500	35.000000	-0.049780
1.375000	35.000000	-0.040328
2.062500	35.000000	-0.011670
2.750000	35.000000	0.023288
3.437500	35.000000	0.045996
4.125000	35.000000	0.048533
4.812500	35.000000	0.036694
5.500000	35.000000	0.020812
6.187500	35.000000	0.008255
6.875000	35.000000	0.001702
7.562500	35.000000	0.000038
8.250000	35.000000	-0.000249
8.937500	35.000000	-0.003303
9.625000	35.000000	-0.011983
10.312500	35.000000	-0.026229
11.000000	35.000000	-0.041776
11.687500	35.000000	-0.049780
12.375000	35.000000	-0.040328
13.062500	35.000000	-0.011670
13.750000	35.000000	0.023288
14.437500	35.000000	0.045996
15.125000	35.000000	0.048533
15.812500	35.000000	0.036694
16.500000	35.000000	0.020812
17.187500	35.000000	0.008255
17.875000	35.000000	0.001702
18.562500	35.000000	0.000038
19.250000	35.000000	-0.000249
19.937500	35.000000	-0.003303
20.625000	35.000000	-0.011983
21.312500	35.000000	-0.026229
22.000000	35.000000	-0.041776

0.687500	40.000000	-0.049780
1.375000	40.000000	-0.040328
2.062500	40.000000	-0.011670
2.750000	40.000000	0.023288
3.437500	40.000000	0.045996
4.125000	40.000000	0.048533
4.812500	40.000000	0.036694
5.500000	40.000000	0.020812
6.187500	40.000000	0.008255
6.875000	40.000000	0.001702
7.562500	40.000000	0.000038
8.250000	40.000000	-0.000249
8.937500	40.000000	-0.003303
9.625000	40.000000	-0.011983
10.312500	40.000000	-0.026229
11.000000	40.000000	-0.041776
11.687500	40.000000	-0.049780
12.375000	40.000000	-0.040328
13.062500	40.000000	-0.011670
13.750000	40.000000	0.023288
14.437500	40.000000	0.045996
15.125000	40.000000	0.048533
15.812500	40.000000	0.036694
16.500000	40.000000	0.020812
17.187500	40.000000	0.008255
17.875000	40.000000	0.001702
18.562500	40.000000	0.000038
19.250000	40.000000	-0.000249
19.937500	40.000000	-0.003303
20.625000	40.000000	-0.011983
21.312500	40.000000	-0.026229
22.000000	40.000000	-0.041776

0.687500	45.000000	-0.049780
1.375000	45.000000	-0.040328
2.062500	45.000000	-0.011670
2.750000	45.000000	0.023288
3.437500	45.000000	0.045996
4.125000	45.000000	0.048533
4.812500	45.000000	0.036694
5.500000	45.000000	0.020812
6.187500	45.000000	0.008255
6.875000	45.000000	0.001702
7.562500	45.000000	0.000038
8.250000	45.000000	-0.000249
8.937500	45.000000	-0.003303
9.625000	45.000000	-0.011983
10.312500	45.000000	-0.026229
11.000000	45.000000	-0.041776
11.687500	45.000000	-0.049780
12.375000	45.000000	-0.040328
13.062500	45.000000	-0.011670
13.750000	45.000000	0.023288
14.437500	45.000000	0.045996
15.125000	45.000000	0.048533
15.812500	45.000000	0.036694
16.500000	45.000000	0.020812
17.187500	45.000000	0.008255
17.875000	45.000000	0.001702
18.562500	45.000000	0.000038
19.250000	45.000000	-0.000249
19.937500	45.000000	-0.003303
20.625000	45.000000	-0.011983
21.312500	45.000000	-0.026229
22.000000	45.000000	-0.041776

0.687500	50.000000	-0.049780
1.375000	50.000000	-0.040328
2.062500	50.000000	-0.011670
2.750000	50.000000	0.023288
3.437500	50.000000	0.045996
4.125000	50.000000	0.048533
4.812500	50.000000	0.036694
5.500000	50.000000	0.020812
6.187500	50.000000	0.008255
6.875000	50.000000	0.001702
7.562500	50.000000	0.000038
8.250000	50.000000	-0.000249
8.937500	50.000000	-0.003303
9.625000	50.000000	-0.011983
10.312500	50.000000	-0.026230
11.000000	50.000000	-0.041776
11.687500	50.000000	-0.049780
12.375000	50.000000	-0.040328
13.062500	50.000000	-0.011670
13.750000	50.000000	0.023288
14.437500	50.000000	0.045996
15.125000	50.000000	0.048533
15.812500	50.000000	0.036694
16.500000	50.000000	0.020812
17.187500	50.000000	0.008255
17.875000	50.000000	0.001702
18.562500	50.000000	0.000038
19.250000	50.000000	-0.000249
19.937500	50.000000	-0.003303
20.625000	50.000000	-0.011983
21.312500	50.000000	-0.026229
22.000000	50.000000	-0.041776

0.687500	55.000000	-0.049780
1.375000	55.000000	-0.040328
2.062500	55.000000	-0.011670
2.750000	55.000000	0.023288
3.437500	55.000000	0.045996
4.125000	55.000000	0.048533
4.812500	55.000000	0.036694
5.500000	55.000000	0.020812
6.187500	55.000000	0.008255
6.875000	55.000000	0.001702
7.562500	55.000000	0.000038
8.250000	55.000000	-0.000249
8.937500	55.000000	-0.003303
9.625000	55.000000	-0.011983
10.312500	55.000000	-0.026229
11.000000	55.000000	-0.041776
11.687500	55.000000	-0.049780
12.375000	55.000000	-0.040328
13.062500	55.000000	-0.011670
13.750000	55.000000	0.023288
14.437500	55.000000	0.045996
15.125000	55.000000	0.048533
15.812500	55.000000	0.036694
16.500000	55.000000	0.020812
17.187500	55.000000	0.008255
17.875000	55.000000	0.001702
18.562500	55.000000	0.000038
19.250000	55.000000	-0.000249
19.937500	55.000000	-0.003303
20.625000	55.000000	-0.011983
21.312500	55.000000	-0.026229
22.000000	55.000000	-0.041776

0.687500	60.000000	-0.049780
1.375000	60.000000	-0.040328
2.062500	60.000000	-0.011669
2.750000	60.000000	0.023288
3.437500	60.000000	0.045996
4.125000	60.000000	0.048533
4.812500	60.000000	0.036694
5.500000	60.000000	0.020812
6.187500	60.000000	0.008255
6.875000	60.000000	0.001702
7.562500	60.000000	0.000038
8.250000	60.000000	-0.000249
8.937500	60.000000	-0.003303
9.625000	60.000000	-0.011983
10.312500	60.000000	-0.026229
11.000000	60.000000	-0.041776
11.687500	60.000000	-0.049780
12.375000	60.000000	-0.040328
13.062500	60.000000	-0.011670
13.750000	60.000000	0.023288
14.437500	60.000000	0.045996
15.125000	60.000000	0.048533
15.812500	60.000000	0.036694
16.500000	60.000000	0.020812
17.187500	60.000000	0.008255
17.875000	60.000000	0.001702
18.562500	60.000000	0.000038
19.250000	60.000000	-0.000249
19.937500	60.000000	-0.003303
20.625000	60.000000	-0.011983
21.312500	60.000000	-0.026230
22.000000	60.000000	-0.041776

0.687500	65.000000	-0.049780
1.375000	65.000000	-0.040328
2.062500	65.000000	-0.011669
2.750000	65.000000	0.023288
3.437500	65.000000	0.045996
4.125000	65.000000	0.048533
4.812500	65.000000	0.036693
5.500000	65.000000	0.020812
6.187500	65.000000	0.008255
6.875000	65.000000	0.001702
7.562500	65.000000	0.000038
8.250000	65.000000	-0.000249
8.937500	65.000000	-0.003303
9.625000	65.000000	-0.011983
10.312500	65.000000	-0.026229
11.000000	65.000000	-0.041776
11.687500	65.000000	-0.049780
12.375000	65.000000	-0.040328
13.062500	65.000000	-0.011670
13.750000	65.000000	0.023288
14.437500	65.000000	0.045996
15.125000	65.000000	0.048533
15.812500	65.000000	0.036694
16.500000	65.000000	0.020812
17.187500	65.000000	0.008255
17.875000	65.000000	0.001702
18.562500	65.000000	0.000038
19.250000	65.000000	-0.000249
19.937500	65.000000	-0.003303
20.625000	65.000000	-0.011983
21.312500	65.000000	-0.026230
22.000000	65.000000	-0.041776

0.687500	70.000000	-0.049780
1.375000	70.000000	-0.040328
2.062500	70.000000	-0.011670
2.750000	70.000000	0.023288
3.437500	70.000000	0.045996
4.125000	70.000000	0.048533
4.812500	70.000000	0.036694
5.500000	70.000000	0.020812
6.187500	70.000000	0.008255
6.875000	70.000000	0.001702
7.562500	70.000000	0.000038
8.250000	70.000000	-0.000249
8.937500	70.000000	-0.003303
9.625000	70.000000	-0.011983
10.312500	70.000000	-0.026230
11.000000	70.000000	-0.041776
11.687500	70.000000	-0.049780
12.375000	70.000000	-0.040328
13.062500	70.000000	-0.011669
13.750000	70.000000	0.023289
14.437500	70.000000	0.045996
15.125000	70.000000	0.048533
15.812500	70.000000	0.036694
16.500000	70.000000	0.020812
17.187500	70.000000	0.008255
17.875000	70.000000	0.001702
18.562500	70.000000	0.000038
19.250000	70.000000	-0.000249
19.937500	70.000000	-0.003303
20.625000	70.000000	-0.011983
21.312500	70.000000	-0.026229
22.000000	70.000000	-0.041776

0.687500	75.000000	-0.049780
1.375000	75.000000	-0.040329
2.062500	75.000000	-0.011671
2.750000	75.000000	0.023287
3.437500	75.000000	0.045995
4.125000	75.000000	0.048534
4.812500	75.000000	0.036694
5.500000	75.000000	0.020813
6.187500	75.000000	0.008255
6.875000	75.000000	0.001702
7.562500	75.000000	0.000038
8.250000	75.000000	-0.000249
8.937500	75.000000	-0.003303
9.625000	75.000000	-0.011983
10.312500	75.000000	-0.026230
11.000000	75.000000	-0.041776
11.687500	75.000000	-0.049780
12.375000	75.000000	-0.040327
13.062500	75.000000	-0.011669
13.750000	75.000000	0.023289
14.437500	75.000000	0.045996
15.125000	75.000000	0.048533
15.812500	75.000000	0.036693
16.500000	75.000000	0.020812
17.187500	75.000000	0.008254
17.875000	75.000000	0.001701
18.562500	75.000000	0.000038
19.250000	75.000000	-0.000248
19.937500	75.000000	-0.003302
20.625000	75.000000	-0.011982
21.312500	75.000000	-0.026229
22.000000	75.000000	-0.041776

0.687500	80.000000	-0.049780
1.375000	80.000000	-0.040328
2.062500	80.000000	-0.011670
2.750000	80.000000	0.023288
3.437500	80.000000	0.045996
4.125000	80.000000	0.048534
4.812500	80.000000	0.036694
5.500000	80.000000	0.020813
6.187500	80.000000	0.008255
6.875000	80.000000	0.001702
7.562500	80.000000	0.000038
8.250000	80.000000	-0.000249
8.937500	80.000000	-0.003303
9.625000	80.000000	-0.011983
10.312500	80.000000	-0.026230
11.000000	80.000000	-0.041777
11.687500	80.000000	-0.049780
12.375000	80.000000	-0.040328
13.062500	80.000000	-0.011669
13.750000	80.000000	0.023288
14.437500	80.000000	0.045996
15.125000	80.000000	0.048533
15.812500	80.000000	0.036693
16.500000	80.000000	0.020812
17.187500	80.000000	0.008254
17.875000	80.000000	0.001701
18.562500	80.000000	0.000038
19.250000	80.000000	-0.000248
19.937500	80.000000	-0.003302
20.625000	80.000000	-0.011982
21.312500	80.000000	-0.026229
22.000000	80.000000	-0.041775

0.687500	85.000000	-0.049780
1.375000	85.000000	-0.040326
2.062500	85.000000	-0.011666
2.750000	85.000000	0.023292
3.437500	85.000000	0.045998
4.125000	85.000000	0.048533
4.812500	85.000000	0.036692
5.500000	85.000000	0.020811
6.187500	85.000000	0.008254
6.875000	85.000000	0.001701
7.562500	85.000000	0.000038
8.250000	85.000000	-0.000248
8.937500	85.000000	-0.003302
9.625000	85.000000	-0.011982
10.312500	85.000000	-0.026228
11.000000	85.000000	-0.041775
11.687500	85.000000	-0.049781
12.375000	85.000000	-0.040331
13.062500	85.000000	-0.011674
13.750000	85.000000	0.023284
14.437500	85.000000	0.045994
15.125000	85.000000	0.048533
15.812500	85.000000	0.036695
16.500000	85.000000	0.020814
17.187500	85.000000	0.008256
17.875000	85.000000	0.001702
18.562500	85.000000	0.000038
19.250000	85.000000	-0.000249
19.937500	85.000000	-0.003303
20.625000	85.000000	-0.011984
21.312500	85.000000	-0.026231
22.000000	85.000000	-0.041777

0.687500	90.000000	-0.049781
1.375000	90.000000	-0.040324
2.062500	90.000000	-0.011663
2.750000	90.000000	0.023294
3.437500	90.000000	0.045998
4.125000	90.000000	0.048531
4.812500	90.000000	0.036689
5.500000	90.000000	0.020807
6.187500	90.000000	0.008251
6.875000	90.000000	0.001699
7.562500	90.000000	0.000037
8.250000	90.000000	-0.000247
8.937500	90.000000	-0.003300
9.625000	90.000000	-0.011978
10.312500	90.000000	-0.026225
11.000000	90.000000	-0.041772
11.687500	90.000000	-0.049779
12.375000	90.000000	-0.040332
13.062500	90.000000	-0.011677
13.750000	90.000000	0.023282
14.437500	90.000000	0.045994
15.125000	90.000000	0.048535
15.812500	90.000000	0.036698
16.500000	90.000000	0.020817
17.187500	90.000000	0.008259
17.875000	90.000000	0.001704
18.562500	90.000000	0.000038
19.250000	90.000000	-0.000250
19.937500	90.000000	-0.003306
20.625000	90.000000	-0.011987
21.312500	90.000000	-0.026234
22.000000	90.000000	-0.041780

0.687500	95.000000	-0.049783
1.375000	95.000000	-0.040333
2.062500	95.000000	-0.011676
2.750000	95.000000	0.023283
3.437500	95.000000	0.045992
4.125000	95.000000	0.048531
4.812500	95.000000	0.036692
5.500000	95.000000	0.020811
6.187500	95.000000	0.008253
6.875000	95.000000	0.001701
7.562500	95.000000	0.000037
8.250000	95.000000	-0.000248
8.937500	95.000000	-0.003301
9.625000	95.000000	-0.011981
10.312500	95.000000	-0.026228
11.000000	95.000000	-0.041774
11.687500	95.000000	-0.049777
12.375000	95.000000	-0.040323
13.062500	95.000000	-0.011664
13.750000	95.000000	0.023294
14.437500	95.000000	0.046000
15.125000	95.000000	0.048536
15.812500	95.000000	0.036695
16.500000	95.000000	0.020814
17.187500	95.000000	0.008256
17.875000	95.000000	0.001703
18.562500	95.000000	0.000038
19.250000	95.000000	-0.000249
19.937500	95.000000	-0.003304
20.625000	95.000000	-0.011984
21.312500	95.000000	-0.026231
22.000000	95.000000	-0.041778

0.687500	100.000000	-0.049781
1.375000	100.000000	-0.040350
2.062500	100.000000	-0.011707
2.750000	100.000000	0.023255
3.437500	100.000000	0.045981
4.125000	100.000000	0.048538
4.812500	100.000000	0.036709
5.500000	100.000000	0.020829
6.187500	100.000000	0.008268
6.875000	100.000000	0.001710
7.562500	100.000000	0.000040
8.250000	100.000000	-0.000253
8.937500	100.000000	-0.003313
9.625000	100.000000	-0.011998
10.312500	100.000000	-0.026247
11.000000	100.000000	-0.041789
11.687500	100.000000	-0.049779
12.375000	100.000000	-0.040306
13.062500	100.000000	-0.011632
13.750000	100.000000	0.023322
14.437500	100.000000	0.046010
15.125000	100.000000	0.048529
15.812500	100.000000	0.036678
16.500000	100.000000	0.020795
17.187500	100.000000	0.008241
17.875000	100.000000	0.001694
18.562500	100.000000	0.000036
19.250000	100.000000	-0.000244
19.937500	100.000000	-0.003293
20.625000	100.000000	-0.011968
21.312500	100.000000	-0.026212
22.000000	100.000000	-0.041763

0.687500	105.000000	-0.049770
1.375000	105.000000	-0.040342
2.062500	105.000000	-0.011701
2.750000	105.000000	0.023261
3.437500	105.000000	0.045991
4.125000	105.000000	0.048551
4.812500	105.000000	0.036723
5.500000	105.000000	0.020844
6.187500	105.000000	0.008281
6.875000	105.000000	0.001718
7.562500	105.000000	0.000042
8.250000	105.000000	-0.000257
8.937500	105.000000	-0.003323
9.625000	105.000000	-0.012011
10.312500	105.000000	-0.026261
11.000000	105.000000	-0.041803
11.687500	105.000000	-0.049791
12.375000	105.000000	-0.040314
13.062500	105.000000	-0.011639
13.750000	105.000000	0.023315
14.437500	105.000000	0.046001
15.125000	105.000000	0.048516
15.812500	105.000000	0.036664
16.500000	105.000000	0.020781
17.187500	105.000000	0.008229
17.875000	105.000000	0.001685
18.562500	105.000000	0.000033
19.250000	105.000000	-0.000240
19.937500	105.000000	-0.003282
20.625000	105.000000	-0.011954
21.312500	105.000000	-0.026198
22.000000	105.000000	-0.041749

0.687500	110.000000	-0.049760
1.375000	110.000000	-0.040260
2.062500	110.000000	-0.011567
2.750000	110.000000	0.023383
3.437500	110.000000	0.046047
4.125000	110.000000	0.048540
4.812500	110.000000	0.036677
5.500000	110.000000	0.020791
6.187500	110.000000	0.008239
6.875000	110.000000	0.001693
7.562500	110.000000	0.000036
8.250000	110.000000	-0.000244
8.937500	110.000000	-0.003292
9.625000	110.000000	-0.011965
10.312500	110.000000	-0.026208
11.000000	110.000000	-0.041765
11.687500	110.000000	-0.049800
12.375000	110.000000	-0.040396
13.062500	110.000000	-0.011773
13.750000	110.000000	0.023193
14.437500	110.000000	0.045944
15.125000	110.000000	0.048527
15.812500	110.000000	0.036711
16.500000	110.000000	0.020833
17.187500	110.000000	0.008271
17.875000	110.000000	0.001710
18.562500	110.000000	0.000040
19.250000	110.000000	-0.000253
19.937500	110.000000	-0.003314
20.625000	110.000000	-0.012001
21.312500	110.000000	-0.026251
22.000000	110.000000	-0.041787

0.687500	115.000000	-0.049792
1.375000	115.000000	-0.040171
2.062500	115.000000	-0.011392
2.750000	115.000000	0.023537
3.437500	115.000000	0.046092
4.125000	115.000000	0.048473
4.812500	115.000000	0.036549
5.500000	115.000000	0.020655
6.187500	115.000000	0.008127
6.875000	115.000000	0.001623
7.562500	115.000000	0.000018
8.250000	115.000000	-0.000208
8.937500	115.000000	-0.003205
9.625000	115.000000	-0.011841
10.312500	115.000000	-0.026070
11.000000	115.000000	-0.041651
11.687500	115.000000	-0.049768
12.375000	115.000000	-0.040484
13.062500	115.000000	-0.011947
13.750000	115.000000	0.023039
14.437500	115.000000	0.045899
15.125000	115.000000	0.048593
15.812500	115.000000	0.036839
16.500000	115.000000	0.020970
17.187500	115.000000	0.008383
17.875000	115.000000	0.001780
18.562500	115.000000	0.000058
19.250000	115.000000	-0.000289
19.937500	115.000000	-0.003400
20.625000	115.000000	-0.012125
21.312500	115.000000	-0.026389
22.000000	115.000000	-0.041901

0.687500	120.000000	-0.049880
1.375000	120.000000	-0.040371
2.062500	120.000000	-0.011672
2.750000	120.000000	0.023276
3.437500	120.000000	0.045933
4.125000	120.000000	0.048417
4.812500	120.000000	0.036547
5.500000	120.000000	0.020663
6.187500	120.000000	0.008128
6.875000	120.000000	0.001619
7.562500	120.000000	0.000016
8.250000	120.000000	-0.000204
8.937500	120.000000	-0.003202
9.625000	120.000000	-0.011845
10.312500	120.000000	-0.026078
11.000000	120.000000	-0.041636
11.687500	120.000000	-0.049680
12.375000	120.000000	-0.040285
13.062500	120.000000	-0.011667
13.750000	120.000000	0.023300
14.437500	120.000000	0.046059
15.125000	120.000000	0.048650
15.812500	120.000000	0.036840
16.500000	120.000000	0.020961
17.187500	120.000000	0.008381
17.875000	120.000000	0.001784
18.562500	120.000000	0.000059
19.250000	120.000000	-0.000293
19.937500	120.000000	-0.003403
20.625000	120.000000	-0.012119
21.312500	120.000000	-0.026380
22.000000	120.000000	-0.041915

0.687500	125.000000	-0.049873
1.375000	125.000000	-0.041013
2.062500	125.000000	-0.012786
2.750000	125.000000	0.022265
3.437500	125.000000	0.045506
4.125000	125.000000	0.048598
4.812500	125.000000	0.037057
5.500000	125.000000	0.021226
6.187500	125.000000	0.008584
6.875000	125.000000	0.001896
7.562500	125.000000	0.000086
8.250000	125.000000	-0.000348
8.937500	125.000000	-0.003546
9.625000	125.000000	-0.012350
10.312500	125.000000	-0.026647
11.000000	125.000000	-0.042069
11.687500	125.000000	-0.049674
12.375000	125.000000	-0.039628
13.062500	125.000000	-0.010548
13.750000	125.000000	0.024302
14.437500	125.000000	0.046469
15.125000	125.000000	0.048458
15.812500	125.000000	0.036327
16.500000	125.000000	0.020400
17.187500	125.000000	0.007929
17.875000	125.000000	0.001510
18.562500	125.000000	-0.000010
19.250000	125.000000	-0.000150
19.937500	125.000000	-0.003062
20.625000	125.000000	-0.011619
21.312500	125.000000	-0.025812
22.000000	125.000000	-0.041478

0.687500	130.000000	-0.049512
1.375000	130.000000	-0.041165
2.062500	130.000000	-0.013312
2.750000	130.000000	0.021816
3.437500	130.000000	0.045518
4.125000	130.000000	0.049094
4.812500	130.000000	0.037819
5.500000	130.000000	0.022020
6.187500	130.000000	0.009247
6.875000	130.000000	0.002318
7.562500	130.000000	0.000195
8.250000	130.000000	-0.000571
8.937500	130.000000	-0.004062
9.625000	130.000000	-0.013073
10.312500	130.000000	-0.027452
11.000000	130.000000	-0.042767
11.687500	130.000000	-0.050020
12.375000	130.000000	-0.039458
13.062500	130.000000	-0.010016
13.750000	130.000000	0.024738
14.437500	130.000000	0.046439
15.125000	130.000000	0.047950
15.812500	130.000000	0.035560
16.500000	130.000000	0.019601
17.187500	130.000000	0.007258
17.875000	130.000000	0.001080
18.562500	130.000000	-0.000121
19.250000	130.000000	0.000077
19.937500	130.000000	-0.002538
20.625000	130.000000	-0.010889
21.312500	130.000000	-0.025003
22.000000	130.000000	-0.040773

0.687500	135.000000	-0.048979
1.375000	135.000000	-0.038791
2.062500	135.000000	-0.009613
2.750000	135.000000	0.025197
3.437500	135.000000	0.047221
4.125000	135.000000	0.049078
4.812500	135.000000	0.036886
5.500000	135.000000	0.020937
6.187500	135.000000	0.008408
6.875000	135.000000	0.001839
7.562500	135.000000	0.000079
8.250000	135.000000	-0.000330
8.937500	135.000000	-0.003455
9.625000	135.000000	-0.012126
10.312500	135.000000	-0.026357
11.000000	135.000000	-0.042051
11.687500	135.000000	-0.050531
12.375000	135.000000	-0.041819
13.062500	135.000000	-0.013712
13.750000	135.000000	0.021351
14.437500	135.000000	0.044720
15.125000	135.000000	0.047944
15.812500	135.000000	0.036471
16.500000	135.000000	0.020669
17.187500	135.000000	0.008089
17.875000	135.000000	0.001556
18.562500	135.000000	-0.000006
19.250000	135.000000	-0.000162
19.937500	135.000000	-0.003140
20.625000	135.000000	-0.011825
21.312500	135.000000	-0.026080
22.000000	135.000000	-0.041466

0.687500	140.000000	-0.049149
1.375000	140.000000	-0.034099
2.062500	140.000000	-0.001867
2.750000	140.000000	0.031594
3.437500	140.000000	0.049110
4.125000	140.000000	0.046712
4.812500	140.000000	0.032392
5.500000	140.000000	0.016237
6.187500	140.000000	0.004609
6.875000	140.000000	-0.000500
7.562500	140.000000	-0.000516
8.250000	140.000000	0.000891
8.937500	140.000000	-0.000565
9.625000	140.000000	-0.007931
10.312500	140.000000	-0.021564
11.000000	140.000000	-0.038040
11.687500	140.000000	-0.049444
12.375000	140.000000	-0.045415
13.062500	140.000000	-0.021086
13.750000	140.000000	0.014236
14.437500	140.000000	0.041706
15.125000	140.000000	0.049585
15.812500	140.000000	0.040811
16.500000	140.000000	0.025534
17.187500	140.000000	0.012113
17.875000	140.000000	0.004048
18.562500	140.000000	0.000629
19.250000	140.000000	-0.001463
19.937500	140.000000	-0.006216
20.625000	140.000000	-0.016246
21.312500	140.000000	-0.030962
22.000000	140.000000	-0.045142

0.687500	145.000000	-0.052460
1.375000	145.000000	-0.037741
2.062500	145.000000	-0.005476
2.750000	145.000000	0.028377
3.437500	145.000000	0.046281
4.125000	145.000000	0.043955
4.812500	145.000000	0.029428
5.500000	145.000000	0.013083
6.187500	145.000000	0.001662
6.875000	145.000000	-0.002569
7.562500	145.000000	-0.001078
8.250000	145.000000	0.002027
8.937500	145.000000	0.001891
9.625000	145.000000	-0.004845
10.312500	145.000000	-0.018450
11.000000	145.000000	-0.035164
11.687500	145.000000	-0.046703
12.375000	145.000000	-0.042478
13.062500	145.000000	-0.017711
13.750000	145.000000	0.017907
14.437500	145.000000	0.045262
15.125000	145.000000	0.052747
15.812500	145.000000	0.043572
16.500000	145.000000	0.027949
17.187500	145.000000	0.014095
17.875000	145.000000	0.005343
18.562500	145.000000	0.000970
19.250000	145.000000	-0.002158
19.937500	145.000000	-0.007784
20.625000	145.000000	-0.018401
21.312500	145.000000	-0.033498
22.000000	145.000000	-0.048033

0.687500	150.000000	-0.050573
1.375000	150.000000	-0.054023
2.062500	150.000000	-0.038006
2.750000	150.000000	-0.005582
3.437500	150.000000	0.026941
4.125000	150.000000	0.043391
4.812500	150.000000	0.041035
5.500000	150.000000	0.028283
6.187500	150.000000	0.014765
6.875000	150.000000	0.005624
7.562500	150.000000	0.001009
8.250000	150.000000	-0.002254
8.937500	150.000000	-0.008205
9.625000	150.000000	-0.019114
10.312500	150.000000	-0.033226
11.000000	150.000000	-0.043580
11.687500	150.000000	-0.039992
12.375000	150.000000	-0.016845
13.062500	150.000000	0.017876
13.750000	150.000000	0.045917
14.437500	150.000000	0.054757
15.125000	150.000000	0.046166
15.812500	150.000000	0.029742
16.500000	150.000000	0.014068
17.187500	150.000000	0.003615
17.875000	150.000000	-0.000703
18.562500	150.000000	-0.000514
19.250000	150.000000	0.000910
19.937500	150.000000	-0.000160
20.625000	150.000000	-0.006537
21.312500	150.000000	-0.019065
22.000000	150.000000	-0.035721

0.687500	155.000000	-0.030390
1.375000	155.000000	-0.050740
2.062500	155.000000	-0.057392
2.750000	155.000000	-0.039290
3.437500	155.000000	0.000815
4.125000	155.000000	0.041647
4.812500	155.000000	0.061682
5.500000	155.000000	0.057853
6.187500	155.000000	0.041089
6.875000	155.000000	0.022153
7.562500	155.000000	0.005206
8.250000	155.000000	-0.010870
8.937500	155.000000	-0.028577
9.625000	155.000000	-0.047589
10.312500	155.000000	-0.061327
11.000000	155.000000	-0.057705
11.687500	155.000000	-0.029008
12.375000	155.000000	0.014561
13.062500	155.000000	0.048659
13.750000	155.000000	0.057465
14.437500	155.000000	0.044545
15.125000	155.000000	0.022367
15.812500	155.000000	0.000928
16.500000	155.000000	-0.014374
17.187500	155.000000	-0.020644
17.875000	155.000000	-0.016774
18.562500	155.000000	-0.004778
19.250000	155.000000	0.009574
19.937500	155.000000	0.019228
20.625000	155.000000	0.019606
21.312500	155.000000	0.009965
22.000000	155.000000	-0.007884

0.687500	160.000000	-0.035672
1.375000	160.000000	-0.046452
2.062500	160.000000	-0.031079
2.750000	160.000000	0.007837
3.437500	160.000000	0.048564
4.125000	160.000000	0.068518
4.812500	160.000000	0.064006
5.500000	160.000000	0.046348
6.187500	160.000000	0.027449
6.875000	160.000000	0.012948
7.562500	160.000000	0.002832
8.250000	160.000000	-0.006008
8.937500	160.000000	-0.017400
9.625000	160.000000	-0.033664
10.312500	160.000000	-0.053122
11.000000	160.000000	-0.067782
11.687500	160.000000	-0.064627
12.375000	160.000000	-0.035903
13.062500	160.000000	0.007291
13.750000	160.000000	0.039671
14.437500	160.000000	0.045239
15.125000	160.000000	0.027752
15.812500	160.000000	0.000097
16.500000	160.000000	-0.025827
17.187500	160.000000	-0.040070
17.875000	160.000000	-0.034798
18.562500	160.000000	-0.010255
19.250000	160.000000	0.020397
19.937500	160.000000	0.039091
20.625000	160.000000	0.037020
21.312500	160.000000	0.017656
22.000000	160.000000	-0.010059

0.687500	165.000000	0.048217
1.375000	165.000000	0.063588
2.062500	165.000000	0.063307
2.750000	165.000000	0.052217
3.437500	165.000000	0.037131
4.125000	165.000000	0.022720
4.812500	165.000000	0.011159
5.500000	165.000000	0.003200
6.187500	165.000000	-0.001051
6.875000	165.000000	-0.001988
7.562500	165.000000	-0.000657
8.250000	165.000000	0.001283
8.937500	165.000000	0.001987
9.625000	165.000000	-0.000018
10.312500	165.000000	-0.005542
11.000000	165.000000	-0.014789
11.687500	165.000000	-0.027475
12.375000	165.000000	-0.042475
13.062500	165.000000	-0.056847
13.750000	165.000000	-0.064983
14.437500	165.000000	-0.060071
15.125000	165.000000	-0.039522
15.812500	165.000000	-0.010374
16.500000	165.000000	0.013784
17.187500	165.000000	0.023396
17.875000	165.000000	0.018540
18.562500	165.000000	0.005114
19.250000	165.000000	-0.010327
19.937500	165.000000	-0.021549
20.625000	165.000000	-0.021887
21.312500	165.000000	-0.006747
22.000000	165.000000	0.020658

0.687500	170.000000	0.011323
1.375000	170.000000	0.002399
2.062500	170.000000	-0.000806
2.750000	170.000000	-0.002279
3.437500	170.000000	-0.004824
4.125000	170.000000	-0.009333
4.812500	170.000000	-0.014842
5.500000	170.000000	-0.019077
6.187500	170.000000	-0.019368
6.875000	170.000000	-0.014039
7.562500	170.000000	-0.003850
8.250000	170.000000	0.007773
8.937500	170.000000	0.016544
9.625000	170.000000	0.019858
10.312500	170.000000	0.017922
11.000000	170.000000	0.012936
11.687500	170.000000	0.007570
12.375000	170.000000	0.003719
13.062500	170.000000	0.001752
13.750000	170.000000	0.000078
14.437500	170.000000	-0.004642
15.125000	170.000000	-0.016456
15.812500	170.000000	-0.037842
16.500000	170.000000	-0.065721
17.187500	170.000000	-0.086114
17.875000	170.000000	-0.075548
18.562500	170.000000	-0.022795
19.250000	170.000000	0.045078
19.937500	170.000000	0.084083
20.625000	170.000000	0.081275
21.312500	170.000000	0.055891
22.000000	170.000000	0.029339

0.687500	175.000000	-0.001039
1.375000	175.000000	-0.014257
2.062500	175.000000	-0.022274
2.750000	175.000000	-0.026651
3.437500	175.000000	-0.029452
4.125000	175.000000	-0.032462
4.812500	175.000000	-0.036137
5.500000	175.000000	-0.038711
6.187500	175.000000	-0.036427
6.875000	175.000000	-0.025771
7.562500	175.000000	-0.007033
8.250000	175.000000	0.014208
8.937500	175.000000	0.030522
9.625000	175.000000	0.038036
10.312500	175.000000	0.038149
11.000000	175.000000	0.034843
11.687500	175.000000	0.031324
12.375000	175.000000	0.028529
13.062500	175.000000	0.025416
13.750000	175.000000	0.019996
14.437500	175.000000	0.010304
15.125000	175.000000	-0.004883
15.812500	175.000000	-0.025034
16.500000	175.000000	-0.045921
17.187500	175.000000	-0.057753
17.875000	175.000000	-0.048163
18.562500	175.000000	-0.014120
19.250000	175.000000	0.028100
19.937500	175.000000	0.054485
20.625000	175.000000	0.055483
21.312500	175.000000	0.039069
22.000000	175.000000	0.017626

0.687500	180.000000	0.000473
1.375000	180.000000	-0.009078
2.062500	180.000000	-0.012186
2.750000	180.000000	-0.011846
3.437500	180.000000	-0.012903
4.125000	180.000000	-0.020119
4.812500	180.000000	-0.035452
5.500000	180.000000	-0.055128
6.187500	180.000000	-0.067466
6.875000	180.000000	-0.056437
7.562500	180.000000	-0.016630
8.250000	180.000000	0.033055
8.937500	180.000000	0.063710
9.625000	180.000000	0.065035
10.312500	180.000000	0.048355
11.000000	180.000000	0.029284
11.687500	180.000000	0.016699
12.375000	180.000000	0.012050
13.062500	180.000000	0.012074
13.750000	180.000000	0.011701
14.437500	180.000000	0.006563
15.125000	180.000000	-0.005433
15.812500	180.000000	-0.023367
16.500000	180.000000	-0.042386
17.187500	180.000000	-0.052896
17.875000	180.000000	-0.043779
18.562500	180.000000	-0.012779
19.250000	180.000000	0.025456
19.937500	180.000000	0.049646
20.625000	180.000000	0.050959
21.312500	180.000000	0.036157
22.000000	180.000000	0.016666

0.687500	185.000000	0.004478
1.375000	185.000000	-0.002430
2.062500	185.000000	-0.003955
2.750000	185.000000	-0.003458
3.437500	185.000000	-0.005478
4.125000	185.000000	-0.013596
4.812500	185.000000	-0.028335
5.500000	185.000000	-0.045407
6.187500	185.000000	-0.054927
6.875000	185.000000	-0.045088
7.562500	185.000000	-0.013137
8.250000	185.000000	0.026177
8.937500	185.000000	0.051217
9.625000	185.000000	0.053266
10.312500	185.000000	0.039717
11.000000	185.000000	0.022610
11.687500	185.000000	0.009965
12.375000	185.000000	0.004222
13.062500	185.000000	0.003578
13.750000	185.000000	0.003869
14.437500	185.000000	0.000740
15.125000	185.000000	-0.008358
15.812500	185.000000	-0.022864
16.500000	185.000000	-0.038282
17.187500	185.000000	-0.046147
17.875000	185.000000	-0.037418
18.562500	185.000000	-0.010818
19.250000	185.000000	0.021593
19.937500	185.000000	0.042684
20.625000	185.000000	0.044899
21.312500	185.000000	0.033279
22.000000	185.000000	0.017399

0.687500	190.000000	0.008661
1.375000	190.000000	0.002531
2.062500	190.000000	0.000980
2.750000	190.000000	0.000602
3.437500	190.000000	-0.002692
4.125000	190.000000	-0.011769
4.812500	190.000000	-0.026612
5.500000	190.000000	-0.042915
6.187500	190.000000	-0.051525
6.875000	190.000000	-0.041956
7.562500	190.000000	-0.012171
8.250000	190.000000	0.024275
8.937500	190.000000	0.047780
9.625000	190.000000	0.050118
10.312500	190.000000	0.037563
11.000000	190.000000	0.020964
11.687500	190.000000	0.007883
12.375000	190.000000	0.000992
13.062500	190.000000	-0.000863
13.750000	190.000000	-0.001179
14.437500	190.000000	-0.004027
15.125000	190.000000	-0.012147
15.812500	190.000000	-0.025390
16.500000	190.000000	-0.039603
17.187500	190.000000	-0.046551
17.875000	190.000000	-0.037360
18.562500	190.000000	-0.010762
19.250000	190.000000	0.021497
19.937500	190.000000	0.042729
20.625000	190.000000	0.045578
21.312500	190.000000	0.034997
22.000000	190.000000	0.020372

0.687500	195.000000	0.010032
1.375000	195.000000	0.004021
2.062500	195.000000	0.002582
2.750000	195.000000	0.002121
3.437500	195.000000	-0.001436
4.125000	195.000000	-0.010777
4.812500	195.000000	-0.025696
5.500000	195.000000	-0.041841
6.187500	195.000000	-0.050262
6.875000	195.000000	-0.040869
7.562500	195.000000	-0.011845
8.250000	195.000000	0.023627
8.937500	195.000000	0.046566
9.625000	195.000000	0.048902
10.312500	195.000000	0.036565
11.000000	195.000000	0.020051
11.687500	195.000000	0.006813
12.375000	195.000000	-0.000367
13.062500	195.000000	-0.002437
13.750000	195.000000	-0.002759
14.437500	195.000000	-0.005463
15.125000	195.000000	-0.013526
15.812500	195.000000	-0.027047
16.500000	195.000000	-0.041888
17.187500	195.000000	-0.049368
17.875000	195.000000	-0.039793
18.562500	195.000000	-0.011492
19.250000	195.000000	0.022943
19.937500	195.000000	0.045446
20.625000	195.000000	0.048270
21.312500	195.000000	0.037040
22.000000	195.000000	0.021885

0.687500	200.000000	0.009560
1.375000	200.000000	0.003363
2.062500	200.000000	0.001921
2.750000	200.000000	0.001585
3.437500	200.000000	-0.001770
4.125000	200.000000	-0.010852
4.812500	200.000000	-0.025438
5.500000	200.000000	-0.041192
6.187500	200.000000	-0.049315
6.875000	200.000000	-0.040003
7.562500	200.000000	-0.011580
8.250000	200.000000	0.023104
8.937500	200.000000	0.045612
9.625000	200.000000	0.048031
10.312500	200.000000	0.036054
11.000000	200.000000	0.019918
11.687500	200.000000	0.006986
12.375000	200.000000	0.000045
13.062500	200.000000	-0.001846
13.750000	200.000000	-0.002081
14.437500	200.000000	-0.004845
15.125000	200.000000	-0.013170
15.812500	200.000000	-0.027180
16.500000	200.000000	-0.042670
17.187500	200.000000	-0.050681
17.875000	200.000000	-0.041049
18.562500	200.000000	-0.011882
19.250000	200.000000	0.023709
19.937500	200.000000	0.046815
20.625000	200.000000	0.049439
21.312500	200.000000	0.037590
22.000000	200.000000	0.021823

0.687500	205.000000	0.008716
1.375000	205.000000	0.002256
2.062500	205.000000	0.000676
2.750000	205.000000	0.000392
3.437500	205.000000	-0.002736
4.125000	205.000000	-0.011489
4.812500	205.000000	-0.025718
5.500000	205.000000	-0.041138
6.187500	205.000000	-0.049022
6.875000	205.000000	-0.039679
7.562500	205.000000	-0.011474
8.250000	205.000000	0.022904
8.937500	205.000000	0.045270
9.625000	205.000000	0.047804
10.312500	205.000000	0.036108
11.000000	205.000000	0.020321
11.687500	205.000000	0.007742
12.375000	205.000000	0.001105
13.062500	205.000000	-0.000613
13.750000	205.000000	-0.000864
14.437500	205.000000	-0.003819
15.125000	205.000000	-0.012428
15.812500	205.000000	-0.026722
16.500000	205.000000	-0.042448
17.187500	205.000000	-0.050623
17.875000	205.000000	-0.041069
18.562500	205.000000	-0.011896
19.250000	205.000000	0.023727
19.937500	205.000000	0.046816
20.625000	205.000000	0.049334
21.312500	205.000000	0.037295
22.000000	205.000000	0.021273

0.687500	210.000000	0.008148
1.375000	210.000000	0.001516
2.062500	210.000000	-0.000182
2.750000	210.000000	-0.000462
3.437500	210.000000	-0.003468
4.125000	210.000000	-0.012049
4.812500	210.000000	-0.026136
5.500000	210.000000	-0.041478
6.187500	210.000000	-0.049319
6.875000	210.000000	-0.039896
7.562500	210.000000	-0.011534
8.250000	210.000000	0.023031
8.937500	210.000000	0.045525
9.625000	210.000000	0.048114
10.312500	210.000000	0.036465
11.000000	210.000000	0.020777
11.687500	210.000000	0.008358
12.375000	210.000000	0.001887
13.062500	210.000000	0.000257
13.750000	210.000000	-0.000035
14.437500	210.000000	-0.003135
15.125000	210.000000	-0.011909
15.812500	210.000000	-0.026305
16.500000	210.000000	-0.042042
17.187500	210.000000	-0.050201
17.875000	210.000000	-0.040726
18.562500	210.000000	-0.011797
19.250000	210.000000	0.023522
19.937500	210.000000	0.046426
20.625000	210.000000	0.048915
21.312500	210.000000	0.036898
22.000000	210.000000	0.020836

0.687500	215.000000	0.007954
1.375000	215.000000	0.001288
2.062500	215.000000	-0.000440
2.750000	215.000000	-0.000718
3.437500	215.000000	-0.003694
4.125000	215.000000	-0.012255
4.812500	215.000000	-0.026374
5.500000	215.000000	-0.041803
6.187500	215.000000	-0.049724
6.875000	215.000000	-0.040251
7.562500	215.000000	-0.011645
8.250000	215.000000	0.023235
8.937500	215.000000	0.045914
9.625000	215.000000	0.048497
10.312500	215.000000	0.036755
11.000000	215.000000	0.020997
11.687500	215.000000	0.008567
12.375000	215.000000	0.002124
13.062500	215.000000	0.000518
13.750000	215.000000	0.000216
14.437500	215.000000	-0.002921
15.125000	215.000000	-0.011721
15.812500	215.000000	-0.026093
16.500000	215.000000	-0.041753
17.187500	215.000000	-0.049838
17.875000	215.000000	-0.040406
18.562500	215.000000	-0.011697
19.250000	215.000000	0.023338
19.937500	215.000000	0.046076
20.625000	215.000000	0.048573
21.312500	215.000000	0.036640
22.000000	215.000000	0.020639

0.687500	220.000000	0.008014
1.375000	220.000000	0.001396
2.062500	220.000000	-0.000306
2.750000	220.000000	-0.000581
3.437500	220.000000	-0.003579
4.125000	220.000000	-0.012190
4.812500	220.000000	-0.026387
5.500000	220.000000	-0.041919
6.187500	220.000000	-0.049926
6.875000	220.000000	-0.040455
7.562500	220.000000	-0.011724
8.250000	220.000000	0.023334
8.937500	220.000000	0.046116
9.625000	220.000000	0.048682
10.312500	220.000000	0.036853
11.000000	220.000000	0.021000
11.687500	220.000000	0.008498
12.375000	220.000000	0.002008
13.062500	220.000000	0.000382
13.750000	220.000000	0.000084
14.437500	220.000000	-0.003026
15.125000	220.000000	-0.011777
15.812500	220.000000	-0.026076
16.500000	220.000000	-0.041642
17.187500	220.000000	-0.049649
17.875000	220.000000	-0.040217
18.562500	220.000000	-0.011623
19.250000	220.000000	0.023247
19.937500	220.000000	0.045889
20.625000	220.000000	0.048399
21.312500	220.000000	0.036545
22.000000	220.000000	0.020630

0.687500	225.000000	0.008154
1.375000	225.000000	0.001594
2.062500	225.000000	-0.000073
2.750000	225.000000	-0.000347
3.437500	225.000000	-0.003379
4.125000	225.000000	-0.012043
4.812500	225.000000	-0.026297
5.500000	225.000000	-0.041880
6.187500	225.000000	-0.049927
6.875000	225.000000	-0.040476
7.562500	225.000000	-0.011739
8.250000	225.000000	0.023341
8.937500	225.000000	0.046135
9.625000	225.000000	0.048688
10.312500	225.000000	0.036823
11.000000	225.000000	0.020917
11.687500	225.000000	0.008354
12.375000	225.000000	0.001808
13.062500	225.000000	0.000147
13.750000	225.000000	-0.000149
14.437500	225.000000	-0.003225
15.125000	225.000000	-0.011920
15.812500	225.000000	-0.026160
16.500000	225.000000	-0.041672
17.187500	225.000000	-0.049636
17.875000	225.000000	-0.040184
18.562500	225.000000	-0.011603
19.250000	225.000000	0.023235
19.937500	225.000000	0.045859
20.625000	225.000000	0.048381
21.312500	225.000000	0.036566
22.000000	225.000000	0.020707

0.687500	230.000000	0.008279
1.375000	230.000000	0.001742
2.062500	230.000000	0.000087
2.750000	230.000000	-0.000199
3.437500	230.000000	-0.003262
4.125000	230.000000	-0.011963
4.812500	230.000000	-0.026240
5.500000	230.000000	-0.041820
6.187500	230.000000	-0.049844
6.875000	230.000000	-0.040374
7.562500	230.000000	-0.011654
8.250000	230.000000	0.023368
8.937500	230.000000	0.046099
9.625000	230.000000	0.048613
10.312500	230.000000	0.036732
11.000000	230.000000	0.020814
11.687500	230.000000	0.008230
12.375000	230.000000	0.001661
13.062500	230.000000	-0.000012
13.750000	230.000000	-0.000299
14.437500	230.000000	-0.003343
15.125000	230.000000	-0.012003
15.812500	230.000000	-0.026219
16.500000	230.000000	-0.041731
17.187500	230.000000	-0.049714
17.875000	230.000000	-0.040281
18.562500	230.000000	-0.011684
19.250000	230.000000	0.023208
19.937500	230.000000	0.045892
20.625000	230.000000	0.048452
21.312500	230.000000	0.036654
22.000000	230.000000	0.020810

0.687500	235.000000	0.008381
1.375000	235.000000	0.001823
2.062500	235.000000	0.000140
2.750000	235.000000	-0.000180
3.437500	235.000000	-0.003279
4.125000	235.000000	-0.012006
4.812500	235.000000	-0.026286
5.500000	235.000000	-0.041833
6.187500	235.000000	-0.049785
6.875000	235.000000	-0.040239
7.562500	235.000000	-0.011502
8.250000	235.000000	0.023450
8.937500	235.000000	0.046072
9.625000	235.000000	0.048510
10.312500	235.000000	0.036604
11.000000	235.000000	0.020693
11.687500	235.000000	0.008128
12.375000	235.000000	0.001580
13.062500	235.000000	-0.000065
13.750000	235.000000	-0.000317
14.437500	235.000000	-0.003327
15.125000	235.000000	-0.011961
15.812500	235.000000	-0.026174
16.500000	235.000000	-0.041720
17.187500	235.000000	-0.049775
17.875000	235.000000	-0.040416
18.562500	235.000000	-0.011834
19.250000	235.000000	0.023129
19.937500	235.000000	0.045920
20.625000	235.000000	0.048557
21.312500	235.000000	0.036783
22.000000	235.000000	0.020931

0.687500	240.000000	0.008404
1.375000	240.000000	0.001824
2.062500	240.000000	0.000117
2.750000	240.000000	-0.000224
3.437500	240.000000	-0.003336
4.125000	240.000000	-0.012062
4.812500	240.000000	-0.026330
5.500000	240.000000	-0.041861
6.187500	240.000000	-0.049804
6.875000	240.000000	-0.040268
7.562500	240.000000	-0.011560
8.250000	240.000000	0.023364
8.937500	240.000000	0.045978
9.625000	240.000000	0.048428
10.312500	240.000000	0.036541
11.000000	240.000000	0.020649
11.687500	240.000000	0.008103
12.375000	240.000000	0.001577
13.062500	240.000000	-0.000043
13.750000	240.000000	-0.000274
14.437500	240.000000	-0.003271
15.125000	240.000000	-0.011906
15.812500	240.000000	-0.026132
16.500000	240.000000	-0.041693
17.187500	240.000000	-0.049756
17.875000	240.000000	-0.040385
18.562500	240.000000	-0.011773
19.250000	240.000000	0.023219
19.937500	240.000000	0.046017
20.625000	240.000000	0.048639
21.312500	240.000000	0.036843
22.000000	240.000000	0.020972

0.687500	245.000000	0.008157
1.375000	245.000000	0.001655
2.062500	245.000000	0.000040
2.750000	245.000000	-0.000201
3.437500	245.000000	-0.003211
4.125000	245.000000	-0.011848
4.812500	245.000000	-0.026073
5.500000	245.000000	-0.041666
6.187500	245.000000	-0.049834
6.875000	245.000000	-0.040642
7.562500	245.000000	-0.012188
8.250000	245.000000	0.022790
8.937500	245.000000	0.045717
9.625000	245.000000	0.048495
10.312500	245.000000	0.036791
11.000000	245.000000	0.020937
11.687500	245.000000	0.008349
12.375000	245.000000	0.001747
13.062500	245.000000	0.000035
13.750000	245.000000	-0.000297
14.437500	245.000000	-0.003398
15.125000	245.000000	-0.012123
15.812500	245.000000	-0.026392
16.500000	245.000000	-0.041890
17.187500	245.000000	-0.049723
17.875000	245.000000	-0.040002
18.562500	245.000000	-0.011135
19.250000	245.000000	0.023798
19.937500	245.000000	0.046276
20.625000	245.000000	0.048567
21.312500	245.000000	0.036590
22.000000	245.000000	0.020682

0.687500	250.000000	0.007654
1.375000	250.000000	0.001326
2.062500	250.000000	-0.000066
2.750000	250.000000	-0.000069
3.437500	250.000000	-0.002862
4.125000	250.000000	-0.011337
4.812500	250.000000	-0.025497
5.500000	250.000000	-0.041186
6.187500	250.000000	-0.049675
6.875000	250.000000	-0.040960
7.562500	250.000000	-0.012846
8.250000	250.000000	0.022215
8.937500	250.000000	0.045581
9.625000	250.000000	0.048812
10.312500	250.000000	0.037353
11.000000	250.000000	0.021536
11.687500	250.000000	0.008852
12.375000	250.000000	0.002075
13.062500	250.000000	0.000141
13.750000	250.000000	-0.000429
14.437500	250.000000	-0.003747
15.125000	250.000000	-0.012635
15.812500	250.000000	-0.026970
16.500000	250.000000	-0.042367
17.187500	250.000000	-0.049871
17.875000	250.000000	-0.039669
18.562500	250.000000	-0.010469
19.250000	250.000000	0.024365
19.937500	250.000000	0.046399
20.625000	250.000000	0.048240
21.312500	250.000000	0.036023
22.000000	250.000000	0.020082

0.687500	255.000000	0.007796
1.375000	255.000000	0.001387
2.062500	255.000000	-0.000060
2.750000	255.000000	-0.000106
3.437500	255.000000	-0.002960
4.125000	255.000000	-0.011520
4.812500	255.000000	-0.025722
5.500000	255.000000	-0.041275
6.187500	255.000000	-0.049316
6.875000	255.000000	-0.039911
7.562500	255.000000	-0.011284
8.250000	255.000000	0.023679
8.937500	255.000000	0.046425
9.625000	255.000000	0.049009
10.312500	255.000000	0.037199
11.000000	255.000000	0.021314
11.687500	255.000000	0.008695
12.375000	255.000000	0.002004
13.062500	255.000000	0.000131
13.750000	255.000000	-0.000388
14.437500	255.000000	-0.003638
15.125000	255.000000	-0.012440
15.812500	255.000000	-0.026735
16.500000	255.000000	-0.042277
17.187500	255.000000	-0.050241
17.875000	255.000000	-0.040733
18.562500	255.000000	-0.012035
19.250000	255.000000	0.022915
19.937500	255.000000	0.045573
20.625000	255.000000	0.048051
21.312500	255.000000	0.036172
22.000000	255.000000	0.020291

0.687500	260.000000	0.010011
1.375000	260.000000	0.002750
2.062500	260.000000	0.000291
2.750000	260.000000	-0.000805
3.437500	260.000000	-0.004636
4.125000	260.000000	-0.013958
4.812500	260.000000	-0.028443
5.500000	260.000000	-0.043318
6.187500	260.000000	-0.049287
6.875000	260.000000	-0.036900
7.562500	260.000000	-0.006262
8.250000	260.000000	0.028034
8.937500	260.000000	0.048043
9.625000	260.000000	0.047931
10.312500	260.000000	0.034728
11.000000	260.000000	0.018670
11.687500	260.000000	0.006568
12.375000	260.000000	0.000707
13.062500	260.000000	-0.000200
13.750000	260.000000	0.000278
14.437500	260.000000	-0.002039
15.125000	260.000000	-0.010090
15.812500	260.000000	-0.024049
16.500000	260.000000	-0.040126
17.187500	260.000000	-0.049974
17.875000	260.000000	-0.043394
18.562500	260.000000	-0.016935
19.250000	260.000000	0.018338
19.937500	260.000000	0.043597
20.625000	260.000000	0.048889
21.312500	260.000000	0.038587
22.000000	260.000000	0.022992

0.687500	265.000000	0.012497
1.375000	265.000000	0.004333
2.062500	265.000000	0.000708
2.750000	265.000000	-0.001628
3.437500	265.000000	-0.006553
4.125000	265.000000	-0.016657
4.812500	265.000000	-0.031479
5.500000	265.000000	-0.046051
6.187500	265.000000	-0.050908
6.875000	265.000000	-0.036902
7.562500	265.000000	-0.005177
8.250000	265.000000	0.028767
8.937500	265.000000	0.047318
9.625000	265.000000	0.045734
10.312500	265.000000	0.031709
11.000000	265.000000	0.015522
11.687500	265.000000	0.003858
12.375000	265.000000	-0.001072
13.062500	265.000000	-0.000673
13.750000	265.000000	0.001222
14.437500	265.000000	0.000106
15.125000	265.000000	-0.007174
15.812500	265.000000	-0.020877
16.500000	265.000000	-0.037307
17.187500	265.000000	-0.048234
17.875000	265.000000	-0.043242
18.562500	265.000000	-0.017975
19.250000	265.000000	0.017482
19.937500	265.000000	0.044160
20.625000	265.000000	0.050988
21.312500	265.000000	0.041521
22.000000	265.000000	0.025984

0.687500	270.000000	0.007773
1.375000	270.000000	0.001616
2.062500	270.000000	0.000047
2.750000	270.000000	-0.000248
3.437500	270.000000	-0.003109
4.125000	270.000000	-0.011312
4.812500	270.000000	-0.025208
5.500000	270.000000	-0.041494
6.187500	270.000000	-0.052391
6.875000	270.000000	-0.047762
7.562500	270.000000	-0.023132
8.250000	270.000000	0.011890
8.937500	270.000000	0.038635
9.625000	270.000000	0.045840
10.312500	270.000000	0.036743
11.000000	270.000000	0.021568
11.687500	270.000000	0.008735
12.375000	270.000000	0.001823
13.062500	270.000000	0.000041
13.750000	270.000000	-0.000266
14.437500	270.000000	-0.003523
15.125000	270.000000	-0.012599
15.812500	270.000000	-0.026905
16.500000	270.000000	-0.041134
17.187500	270.000000	-0.045605
17.875000	270.000000	-0.031304
18.562500	270.000000	0.000295
19.250000	270.000000	0.033671
19.937500	270.000000	0.051645
20.625000	270.000000	0.049859
21.312500	270.000000	0.035957
22.000000	270.000000	0.019853

0.687500	275.000000	-0.007544
1.375000	275.000000	-0.007909
2.062500	275.000000	-0.002397
2.750000	275.000000	0.004756
3.437500	275.000000	0.008611
4.125000	275.000000	0.005610
4.812500	275.000000	-0.005323
5.500000	275.000000	-0.022648
6.187500	275.000000	-0.041673
6.875000	275.000000	-0.053535
7.562500	275.000000	-0.047306
8.250000	275.000000	-0.019048
8.937500	275.000000	0.019265
9.625000	275.000000	0.046957
10.312500	275.000000	0.053286
11.000000	275.000000	0.043230
11.687500	275.000000	0.027598
12.375000	275.000000	0.013677
13.062500	275.000000	0.003065
13.750000	275.000000	-0.006464
14.437500	275.000000	-0.018108
15.125000	275.000000	-0.033074
15.812500	275.000000	-0.047886
16.500000	275.000000	-0.053450
17.187500	275.000000	-0.039595
17.875000	275.000000	-0.006161
18.562500	275.000000	0.030944
19.250000	275.000000	0.052045
19.937500	275.000000	0.050937
20.625000	275.000000	0.035341
21.312500	275.000000	0.016126
22.000000	275.000000	0.000674

0.687500	280.000000	-0.024156
1.375000	280.000000	-0.021181
2.062500	280.000000	-0.006200
2.750000	280.000000	0.012389
3.437500	280.000000	0.023834
4.125000	280.000000	0.021900
4.812500	280.000000	0.007156
5.500000	280.000000	-0.015257
6.187500	280.000000	-0.037050
6.875000	280.000000	-0.046536
7.562500	280.000000	-0.032722
8.250000	280.000000	0.003160
8.937500	280.000000	0.042166
9.625000	280.000000	0.063015
10.312500	280.000000	0.060768
11.000000	280.000000	0.045080
11.687500	280.000000	0.027245
12.375000	280.000000	0.013070
13.062500	280.000000	0.002888
13.750000	280.000000	-0.006103
14.437500	280.000000	-0.017457
15.125000	280.000000	-0.033170
15.812500	280.000000	-0.051244
16.500000	280.000000	-0.063716
17.187500	280.000000	-0.058584
17.875000	280.000000	-0.029869
18.562500	280.000000	0.010852
19.250000	280.000000	0.040446
19.937500	280.000000	0.045436
20.625000	280.000000	0.030228
21.312500	280.000000	0.007067
22.000000	280.000000	-0.013455

0.687500	285.000000	0.025175
1.375000	285.000000	0.015587
2.062500	285.000000	0.003956
2.750000	285.000000	-0.007861
3.437500	285.000000	-0.019181
4.125000	285.000000	-0.027066
4.812500	285.000000	-0.025300
5.500000	285.000000	-0.008567
6.187500	285.000000	0.020101
6.875000	285.000000	0.047967
7.562500	285.000000	0.062317
8.250000	285.000000	0.060227
8.937500	285.000000	0.047428
9.625000	285.000000	0.031354
10.312500	285.000000	0.016963
11.000000	285.000000	0.006500
11.687500	285.000000	0.000537
12.375000	285.000000	-0.001378
13.062500	285.000000	-0.000555
13.750000	285.000000	0.001003
14.437500	285.000000	0.001087
15.125000	285.000000	-0.002105
15.812500	285.000000	-0.009598
16.500000	285.000000	-0.021525
17.187500	285.000000	-0.036852
17.875000	285.000000	-0.052518
18.562500	285.000000	-0.062550
19.250000	285.000000	-0.059389
19.937500	285.000000	-0.039528
20.625000	285.000000	-0.009679
21.312500	285.000000	0.015998
22.000000	285.000000	0.027451

0.687500	290.000000	-0.073332
1.375000	290.000000	-0.055129
2.062500	290.000000	-0.015589
2.750000	290.000000	0.030987
3.437500	290.000000	0.063997
4.125000	290.000000	0.074567
4.812500	290.000000	0.068413
5.500000	290.000000	0.055279
6.187500	290.000000	0.041306
6.875000	290.000000	0.028526
7.562500	290.000000	0.016978
8.250000	290.000000	0.006234
8.937500	290.000000	-0.004028
9.625000	290.000000	-0.013791
10.312500	290.000000	-0.022329
11.000000	290.000000	-0.027841
11.687500	290.000000	-0.027699
12.375000	290.000000	-0.019947
13.062500	290.000000	-0.005547
13.750000	290.000000	0.010869
14.437500	290.000000	0.023399
15.125000	290.000000	0.028525
15.812500	290.000000	0.026477
16.500000	290.000000	0.019679
17.187500	290.000000	0.010580
17.875000	290.000000	0.000605
18.562500	290.000000	-0.009809
19.250000	290.000000	-0.020790
19.937500	290.000000	-0.032728
20.625000	290.000000	-0.045993
21.312500	290.000000	-0.060090
22.000000	290.000000	-0.071781

0.687500	295.000000	-0.060257
1.375000	295.000000	-0.051010
2.062500	295.000000	-0.015164
2.750000	295.000000	0.029737
3.437500	295.000000	0.057349
4.125000	295.000000	0.057554
4.812500	295.000000	0.039670
5.500000	295.000000	0.017645
6.187500	295.000000	0.000311
6.875000	295.000000	-0.009301
7.562500	295.000000	-0.012074
8.250000	295.000000	-0.011416
8.937500	295.000000	-0.011815
9.625000	295.000000	-0.016810
10.312500	295.000000	-0.026952
11.000000	295.000000	-0.038545
11.687500	295.000000	-0.043882
12.375000	295.000000	-0.034816
13.062500	295.000000	-0.010192
13.750000	295.000000	0.019589
14.437500	295.000000	0.039699
15.125000	295.000000	0.043398
15.812500	295.000000	0.035019
16.500000	295.000000	0.023242
17.187500	295.000000	0.014628
17.875000	295.000000	0.011384
18.562500	295.000000	0.011776
19.250000	295.000000	0.011708
19.937500	295.000000	0.006861
20.625000	295.000000	-0.005453
21.312500	295.000000	-0.024975
22.000000	295.000000	-0.046906

0.687500	300.000000	-0.050984
1.375000	300.000000	-0.041959
2.062500	300.000000	-0.012375
2.750000	300.000000	0.024060
3.437500	300.000000	0.047463
4.125000	300.000000	0.049326
4.812500	300.000000	0.035714
5.500000	300.000000	0.017320
6.187500	300.000000	0.001736
6.875000	300.000000	-0.007903
7.562500	300.000000	-0.011842
8.250000	300.000000	-0.012747
8.937500	300.000000	-0.014657
9.625000	300.000000	-0.021258
10.312500	300.000000	-0.033653
11.000000	300.000000	-0.048217
11.687500	300.000000	-0.055676
12.375000	300.000000	-0.044807
13.062500	300.000000	-0.013002
13.750000	300.000000	0.025812
14.437500	300.000000	0.051184
15.125000	300.000000	0.054775
15.812500	300.000000	0.043542
16.500000	300.000000	0.028918
17.187500	300.000000	0.018332
17.875000	300.000000	0.013596
18.562500	300.000000	0.012480
19.250000	300.000000	0.010952
19.937500	300.000000	0.005284
20.625000	300.000000	-0.006470
21.312500	300.000000	-0.023546
22.000000	300.000000	-0.041399

0.687500	305.000000	-0.047861
1.375000	305.000000	-0.039190
2.062500	305.000000	-0.011722
2.750000	305.000000	0.022083
3.437500	305.000000	0.044178
4.125000	305.000000	0.046551
4.812500	305.000000	0.034487
5.500000	305.000000	0.017951
6.187500	305.000000	0.004352
6.875000	305.000000	-0.003207
7.562500	305.000000	-0.005285
8.250000	305.000000	-0.005133
8.937500	305.000000	-0.007242
9.625000	305.000000	-0.015278
10.312500	305.000000	-0.029932
11.000000	305.000000	-0.046994
11.687500	305.000000	-0.056427
12.375000	305.000000	-0.046102
13.062500	305.000000	-0.013174
13.750000	305.000000	0.027141
14.437500	305.000000	0.052656
15.125000	305.000000	0.054665
15.812500	305.000000	0.040972
16.500000	305.000000	0.023891
17.187500	305.000000	0.011434
17.875000	305.000000	0.005859
18.562500	305.000000	0.005185
19.250000	305.000000	0.005191
19.937500	305.000000	0.001595
20.625000	305.000000	-0.008064
21.312500	305.000000	-0.023214
22.000000	305.000000	-0.039365

0.687500	310.000000	-0.046730
1.375000	310.000000	-0.038013
2.062500	310.000000	-0.011463
2.750000	310.000000	0.021194
3.437500	310.000000	0.042901
4.125000	310.000000	0.045923
4.812500	310.000000	0.035149
5.500000	310.000000	0.020117
6.187500	310.000000	0.007964
6.875000	310.000000	0.001509
7.562500	310.000000	-0.000145
8.250000	310.000000	-0.000392
8.937500	310.000000	-0.003428
9.625000	310.000000	-0.012291
10.312500	310.000000	-0.027101
11.000000	310.000000	-0.043576
11.687500	310.000000	-0.052422
12.375000	310.000000	-0.042853
13.062500	310.000000	-0.012638
13.750000	310.000000	0.024453
14.437500	310.000000	0.048364
15.125000	310.000000	0.050704
15.812500	310.000000	0.037960
16.500000	310.000000	0.021257
17.187500	310.000000	0.008296
17.875000	310.000000	0.001729
18.562500	310.000000	0.000269
19.250000	310.000000	0.000241
19.937500	310.000000	-0.002539
20.625000	310.000000	-0.010827
21.312500	310.000000	-0.024435
22.000000	310.000000	-0.039174

0.687500	315.000000	-0.048517
1.375000	315.000000	-0.038913
2.062500	315.000000	-0.010928
2.750000	315.000000	0.022968
3.437500	315.000000	0.045049
4.125000	315.000000	0.047738
4.812500	315.000000	0.036552
5.500000	315.000000	0.021441
6.187500	315.000000	0.009557
6.875000	315.000000	0.003487
7.562500	315.000000	0.002058
8.250000	315.000000	0.001752
8.937500	315.000000	-0.001515
9.625000	315.000000	-0.010532
10.312500	315.000000	-0.025263
11.000000	315.000000	-0.041566
11.687500	315.000000	-0.050644
12.375000	315.000000	-0.042220
13.062500	315.000000	-0.013813
13.750000	315.000000	0.021977
14.437500	315.000000	0.045932
15.125000	315.000000	0.049223
15.812500	315.000000	0.037364
16.500000	315.000000	0.020930
17.187500	315.000000	0.007605
17.875000	315.000000	0.000318
18.562500	315.000000	-0.001841
19.250000	315.000000	-0.002245
19.937500	315.000000	-0.005022
20.625000	315.000000	-0.013116
21.312500	315.000000	-0.026575
22.000000	315.000000	-0.041242

0.687500	320.000000	-0.050542
1.375000	320.000000	-0.039970
2.062500	320.000000	-0.010356
2.750000	320.000000	0.024754
3.437500	320.000000	0.046829
4.125000	320.000000	0.048602
4.812500	320.000000	0.036404
5.500000	320.000000	0.020681
6.187500	320.000000	0.008665
6.875000	320.000000	0.002842
7.562500	320.000000	0.001892
8.250000	320.000000	0.002143
8.937500	320.000000	-0.000596
9.625000	320.000000	-0.009154
10.312500	320.000000	-0.023532
11.000000	320.000000	-0.039753
11.687500	320.000000	-0.049338
12.375000	320.000000	-0.042170
13.062500	320.000000	-0.015231
13.750000	320.000000	0.019923
14.437500	320.000000	0.044481
15.125000	320.000000	0.048952
15.812500	320.000000	0.038028
16.500000	320.000000	0.021993
17.187500	320.000000	0.008629
17.875000	320.000000	0.001047
18.562500	320.000000	-0.001526
19.250000	320.000000	-0.002376
19.937500	320.000000	-0.005607
20.625000	320.000000	-0.014194
21.312500	320.000000	-0.028200
22.000000	320.000000	-0.043319

0.687500	325.000000	-0.051564
1.375000	325.000000	-0.043083
2.062500	325.000000	-0.014769
2.750000	325.000000	0.020953
3.437500	325.000000	0.045001
4.125000	325.000000	0.048544
4.812500	325.000000	0.037060
5.500000	325.000000	0.021156
6.187500	325.000000	0.008580
6.875000	325.000000	0.002227
7.562500	325.000000	0.000997
8.250000	325.000000	0.001250
8.937500	325.000000	-0.001306
9.625000	325.000000	-0.009614
10.312500	325.000000	-0.023682
11.000000	325.000000	-0.039411
11.687500	325.000000	-0.048221
12.375000	325.000000	-0.040188
13.062500	325.000000	-0.012862
13.750000	325.000000	0.021819
14.437500	325.000000	0.045409
15.125000	325.000000	0.049134
15.812500	325.000000	0.038001
16.500000	325.000000	0.022153
17.187500	325.000000	0.009124
17.875000	325.000000	0.001855
18.562500	325.000000	-0.000494
19.250000	325.000000	-0.001197
19.937500	325.000000	-0.004314
20.625000	325.000000	-0.012826
21.312500	325.000000	-0.026960
22.000000	325.000000	-0.042772

0.687500	330.000000	-0.049872
1.375000	330.000000	-0.047927
2.062500	330.000000	-0.025367
2.750000	330.000000	0.010030
3.437500	330.000000	0.039437
4.125000	330.000000	0.049538
4.812500	330.000000	0.041984
5.500000	330.000000	0.026842
6.187500	330.000000	0.013002
6.875000	330.000000	0.004476
7.562500	330.000000	0.000849
8.250000	330.000000	-0.001100
8.937500	330.000000	-0.005427
9.625000	330.000000	-0.014918
10.312500	330.000000	-0.029224
11.000000	330.000000	-0.043446
11.687500	330.000000	-0.048240
12.375000	330.000000	-0.034578
13.062500	330.000000	-0.003462
13.750000	330.000000	0.030044
14.437500	330.000000	0.048622
15.125000	330.000000	0.047388
15.812500	330.000000	0.033693
16.500000	330.000000	0.017561
17.187500	330.000000	0.005555
17.875000	330.000000	-0.000079
18.562500	330.000000	-0.000517
19.250000	330.000000	0.000773
19.937500	330.000000	-0.000437
20.625000	330.000000	-0.007334
21.312500	330.000000	-0.020598
22.000000	330.000000	-0.037270

0.687500	335.000000	-0.045577
1.375000	335.000000	-0.046942
2.062500	335.000000	-0.027386
2.750000	335.000000	0.007607
3.437500	335.000000	0.039593
4.125000	335.000000	0.053080
4.812500	335.000000	0.047582
5.500000	335.000000	0.032697
6.187500	335.000000	0.017797
6.875000	335.000000	0.007398
7.562500	335.000000	0.001454
8.250000	335.000000	-0.002891
8.937500	335.000000	-0.009338
9.625000	335.000000	-0.020419
10.312500	335.000000	-0.035545
11.000000	335.000000	-0.049369
11.687500	335.000000	-0.052072
12.375000	335.000000	-0.035092
13.062500	335.000000	-0.001495
13.750000	335.000000	0.031686
14.437500	335.000000	0.047582
15.125000	335.000000	0.043391
15.812500	335.000000	0.027860
16.500000	335.000000	0.011239
17.187500	335.000000	-0.000024
17.875000	335.000000	-0.003743
18.562500	335.000000	-0.001333
19.250000	335.000000	0.003087
19.937500	335.000000	0.004482
20.625000	335.000000	-0.000818
21.312500	335.000000	-0.013581
22.000000	335.000000	-0.030910

0.687500	340.000000	-0.040711
1.375000	340.000000	-0.024641
2.062500	340.000000	0.007421
2.750000	340.000000	0.039344
3.437500	340.000000	0.055030
4.125000	340.000000	0.051554
4.812500	340.000000	0.036945
5.500000	340.000000	0.020661
6.187500	340.000000	0.008402
6.875000	340.000000	0.001853
7.562500	340.000000	-0.000158
8.250000	340.000000	-0.000573
8.937500	340.000000	-0.002922
9.625000	340.000000	-0.010018
10.312500	340.000000	-0.022789
11.000000	340.000000	-0.039168
11.687500	340.000000	-0.052983
12.375000	340.000000	-0.054583
13.062500	340.000000	-0.036694
13.750000	340.000000	-0.003852
14.437500	340.000000	0.027062
15.125000	340.000000	0.041021
15.812500	340.000000	0.036793
16.500000	340.000000	0.023380
17.187500	340.000000	0.010379
17.875000	340.000000	0.002860
18.562500	340.000000	0.000858
19.250000	340.000000	0.000809
19.937500	340.000000	-0.002017
20.625000	340.000000	-0.010733
21.312500	340.000000	-0.024614
22.000000	340.000000	-0.037914

0.687500	345.000000	-0.014886
1.375000	345.000000	0.029194
2.062500	345.000000	0.057459
2.750000	345.000000	0.059591
3.437500	345.000000	0.043320
4.125000	345.000000	0.021183
4.812500	345.000000	0.001419
5.500000	345.000000	-0.012245
6.187500	345.000000	-0.018102
6.875000	345.000000	-0.015577
7.562500	345.000000	-0.006142
8.250000	345.000000	0.005997
8.937500	345.000000	0.015302
9.625000	345.000000	0.017574
10.312500	345.000000	0.011345
11.000000	345.000000	-0.002796
11.687500	345.000000	-0.023019
12.375000	345.000000	-0.045209
13.062500	345.000000	-0.060497
13.750000	345.000000	-0.056073
14.437500	345.000000	-0.025307
15.125000	345.000000	0.019414
15.812500	345.000000	0.052993
16.500000	345.000000	0.061204
17.187500	345.000000	0.049260
17.875000	345.000000	0.029349
18.562500	345.000000	0.008950
19.250000	345.000000	-0.010815
19.937500	345.000000	-0.031179
20.625000	345.000000	-0.050564
21.312500	345.000000	-0.060915
22.000000	345.000000	-0.050226

0.687500	350.000000	-0.048661
1.375000	350.000000	0.000056
2.062500	350.000000	0.044648
2.750000	350.000000	0.060715
3.437500	350.000000	0.047968
4.125000	350.000000	0.020119
4.812500	350.000000	-0.011206
5.500000	350.000000	-0.039111
6.187500	350.000000	-0.055987
6.875000	350.000000	-0.051658
7.562500	350.000000	-0.021985
8.250000	350.000000	0.019847
8.937500	350.000000	0.049833
9.625000	350.000000	0.054357
10.312500	350.000000	0.037232
11.000000	350.000000	0.008737
11.687500	350.000000	-0.022906
12.375000	350.000000	-0.049644
13.062500	350.000000	-0.058849
13.750000	350.000000	-0.037915
14.437500	350.000000	0.008954
15.125000	350.000000	0.054904
15.812500	350.000000	0.074709
16.500000	350.000000	0.067087
17.187500	350.000000	0.046400
17.875000	350.000000	0.025037
18.562500	350.000000	0.007106
19.250000	350.000000	-0.009280
19.937500	350.000000	-0.027798
20.625000	350.000000	-0.049665
21.312500	350.000000	-0.069459
22.000000	350.000000	-0.073586

0.687500	355.000000	-0.066147
1.375000	355.000000	-0.055715
2.062500	355.000000	-0.022340
2.750000	355.000000	0.017396
3.437500	355.000000	0.040176
4.125000	355.000000	0.036883
4.812500	355.000000	0.015029
5.500000	355.000000	-0.012852
6.187500	355.000000	-0.035875
6.875000	355.000000	-0.044902
7.562500	355.000000	-0.034717
8.250000	355.000000	-0.010264
8.937500	355.000000	0.012964
9.625000	355.000000	0.020538
10.312500	355.000000	0.010426
11.000000	355.000000	-0.007488
11.687500	355.000000	-0.018450
12.375000	355.000000	-0.010696
13.062500	355.000000	0.015689
13.750000	355.000000	0.045982
14.437500	355.000000	0.062770
15.125000	355.000000	0.060613
15.812500	355.000000	0.046237
16.500000	355.000000	0.029180
17.187500	355.000000	0.015560
17.875000	355.000000	0.007200
18.562500	355.000000	0.002788
19.250000	355.000000	-0.000822
19.937500	355.000000	-0.007264
20.625000	355.000000	-0.019222
21.312500	355.000000	-0.036845
22.000000	355.000000	-0.055832

0.687500	360.000000	-0.021784
1.375000	360.000000	-0.041441
2.062500	360.000000	-0.060009
2.750000	360.000000	-0.067294
3.437500	360.000000	-0.052300
4.125000	360.000000	-0.015777
4.812500	360.000000	0.023232
5.500000	360.000000	0.042275
6.187500	360.000000	0.034551
6.875000	360.000000	0.007983
7.562500	360.000000	-0.025612
8.250000	360.000000	-0.053322
8.937500	360.000000	-0.058861
9.625000	360.000000	-0.030290
10.312500	360.000000	0.021577
11.000000	360.000000	0.064394
11.687500	360.000000	0.075834
12.375000	360.000000	0.060755
13.062500	360.000000	0.035989
13.750000	360.000000	0.013734
14.437500	360.000000	-0.001354
15.125000	360.000000	-0.008804
15.812500	360.000000	-0.009646
16.500000	360.000000	-0.005502
17.187500	360.000000	0.001484
17.875000	360.000000	0.008888
18.562500	360.000000	0.014596
19.250000	360.000000	0.017350
19.937500	360.000000	0.016768
20.625000	360.000000	0.012880
21.312500	360.000000	0.005536
22.000000	360.000000	-0.005829

0.687500	365.000000	-0.006019
1.375000	365.000000	-0.010519
2.062500	365.000000	-0.014193
2.750000	365.000000	-0.018861
3.437500	365.000000	-0.026883
4.125000	365.000000	-0.040549
4.812500	365.000000	-0.059716
5.500000	365.000000	-0.077633
6.187500	365.000000	-0.078630
6.875000	365.000000	-0.047253
7.562500	365.000000	0.010204
8.250000	365.000000	0.061799
8.937500	365.000000	0.081761
9.625000	365.000000	0.073012
10.312500	365.000000	0.053046
11.000000	365.000000	0.034632
11.687500	365.000000	0.021331
12.375000	365.000000	0.011197
13.062500	365.000000	0.000712
13.750000	365.000000	-0.012770
14.437500	365.000000	-0.029399
15.125000	365.000000	-0.045206
15.812500	365.000000	-0.051455
16.500000	365.000000	-0.038618
17.187500	365.000000	-0.006439
17.875000	365.000000	0.030270
18.562500	365.000000	0.052679
19.250000	365.000000	0.054276
19.937500	365.000000	0.041888
20.625000	365.000000	0.025448
21.312500	365.000000	0.011113
22.000000	365.000000	0.000775

0.687500	370.000000	-0.019566
1.375000	370.000000	-0.007827
2.062500	370.000000	0.004760
2.750000	370.000000	0.010364
3.437500	370.000000	0.004473
4.125000	370.000000	-0.012236
4.812500	370.000000	-0.034052
5.500000	370.000000	-0.050072
6.187500	370.000000	-0.046386
6.875000	370.000000	-0.016451
7.562500	370.000000	0.026753
8.250000	370.000000	0.058128
8.937500	370.000000	0.064177
9.625000	370.000000	0.050979
10.312500	370.000000	0.031707
11.000000	370.000000	0.015195
11.687500	370.000000	0.003630
12.375000	370.000000	-0.005329
13.062500	370.000000	-0.015708
13.750000	370.000000	-0.030293
14.437500	370.000000	-0.047571
15.125000	370.000000	-0.059394
15.812500	370.000000	-0.053039
16.500000	370.000000	-0.022113
17.187500	370.000000	0.021044
17.875000	370.000000	0.052127
18.562500	370.000000	0.057604
19.250000	370.000000	0.042657
19.937500	370.000000	0.019659
20.625000	370.000000	-0.002074
21.312500	370.000000	-0.017486
22.000000	370.000000	-0.023661

0.687500	375.000000	-0.032764
1.375000	375.000000	-0.035174
2.062500	375.000000	-0.037631
2.750000	375.000000	-0.040731
3.437500	375.000000	-0.040391
4.125000	375.000000	-0.029164
4.812500	375.000000	-0.003273
5.500000	375.000000	0.030072
6.187500	375.000000	0.056003
6.875000	375.000000	0.064730
7.562500	375.000000	0.057934
8.250000	375.000000	0.043614
8.937500	375.000000	0.029029
9.625000	375.000000	0.018059
10.312500	375.000000	0.011618
11.000000	375.000000	0.008567
11.687500	375.000000	0.006414
12.375000	375.000000	0.002080
13.062500	375.000000	-0.007140
13.750000	375.000000	-0.022408
14.437500	375.000000	-0.041737
15.125000	375.000000	-0.057992
15.812500	375.000000	-0.059138
16.500000	375.000000	-0.036042
17.187500	375.000000	0.004489
17.875000	375.000000	0.039909
18.562500	375.000000	0.052282
19.250000	375.000000	0.042219
19.937500	375.000000	0.021269
20.625000	375.000000	-0.000209
21.312500	375.000000	-0.016964
22.000000	375.000000	-0.027529

0.687500	380.000000	-0.015125
1.375000	380.000000	-0.035759
2.062500	380.000000	-0.058061
2.750000	380.000000	-0.072666
3.437500	380.000000	-0.064331
4.125000	380.000000	-0.026368
4.812500	380.000000	0.023724
5.500000	380.000000	0.055859
6.187500	380.000000	0.057008
6.875000	380.000000	0.036984
7.562500	380.000000	0.011749
8.250000	380.000000	-0.007640
8.937500	380.000000	-0.015571
9.625000	380.000000	-0.010654
10.312500	380.000000	0.003654
11.000000	380.000000	0.019665
11.687500	380.000000	0.029578
12.375000	380.000000	0.029753
13.062500	380.000000	0.020901
13.750000	380.000000	0.005252
14.437500	380.000000	-0.015390
15.125000	380.000000	-0.038629
15.812500	380.000000	-0.058219
16.500000	380.000000	-0.062353
17.187500	380.000000	-0.040270
17.875000	380.000000	0.003111
18.562500	380.000000	0.044268
19.250000	380.000000	0.062257
19.937500	380.000000	0.056353
20.625000	380.000000	0.038726
21.312500	380.000000	0.019731
22.000000	380.000000	0.002462

0.687500	385.000000	-0.008280
1.375000	385.000000	-0.014898
2.062500	385.000000	-0.021992
2.750000	385.000000	-0.031786
3.437500	385.000000	-0.044827
4.125000	385.000000	-0.059233
4.812500	385.000000	-0.070029
5.500000	385.000000	-0.069861
6.187500	385.000000	-0.053176
6.875000	385.000000	-0.022526
7.562500	385.000000	0.010698
8.250000	385.000000	0.035102
8.937500	385.000000	0.047727
9.625000	385.000000	0.052458
10.312500	385.000000	0.053396
11.000000	385.000000	0.051686
11.687500	385.000000	0.046673
12.375000	385.000000	0.037785
13.062500	385.000000	0.024914
13.750000	385.000000	0.007817
14.437500	385.000000	-0.013837
15.125000	385.000000	-0.038585
15.812500	385.000000	-0.059633
16.500000	385.000000	-0.063348
17.187500	385.000000	-0.037660
17.875000	385.000000	0.010438
18.562500	385.000000	0.053127
19.250000	385.000000	0.068181
19.937500	385.000000	0.057430
20.625000	385.000000	0.035840
21.312500	385.000000	0.015469
22.000000	385.000000	0.000930

0.687500	390.000000	-0.024784
1.375000	390.000000	-0.021665
2.062500	390.000000	-0.012196
2.750000	390.000000	-0.002750
3.437500	390.000000	-0.000602
4.125000	390.000000	-0.009860
4.812500	390.000000	-0.028984
5.500000	390.000000	-0.049664
6.187500	390.000000	-0.057061
6.875000	390.000000	-0.037104
7.562500	390.000000	0.007217
8.250000	390.000000	0.050806
8.937500	390.000000	0.069578
9.625000	390.000000	0.062035
10.312500	390.000000	0.042207
11.000000	390.000000	0.023097
11.687500	390.000000	0.010134
12.375000	390.000000	0.002462
13.062500	390.000000	-0.004038
13.750000	390.000000	-0.013751
14.437500	390.000000	-0.028480
15.125000	390.000000	-0.044896
15.812500	390.000000	-0.053407
16.500000	390.000000	-0.042174
17.187500	390.000000	-0.008810
17.875000	390.000000	0.031077
18.562500	390.000000	0.055342
19.250000	390.000000	0.055367
19.937500	390.000000	0.038431
20.625000	390.000000	0.015892
21.312500	390.000000	-0.004548
22.000000	390.000000	-0.018871

0.687500	395.000000	-0.025696
1.375000	395.000000	-0.027158
2.062500	395.000000	-0.029837
2.750000	395.000000	-0.036739
3.437500	395.000000	-0.046616
4.125000	395.000000	-0.051628
4.812500	395.000000	-0.040163
5.500000	395.000000	-0.007647
6.187500	395.000000	0.033498
6.875000	395.000000	0.061951
7.562500	395.000000	0.067286
8.250000	395.000000	0.055361
8.937500	395.000000	0.037762
9.625000	395.000000	0.022681
10.312500	395.000000	0.013160
11.000000	395.000000	0.008548
11.687500	395.000000	0.006033
12.375000	395.000000	0.001917
13.062500	395.000000	-0.007045
13.750000	395.000000	-0.022168
14.437500	395.000000	-0.041027
15.125000	395.000000	-0.055569
15.812500	395.000000	-0.053248
16.500000	395.000000	-0.026277
17.187500	395.000000	0.015646
17.875000	395.000000	0.048932
18.562500	395.000000	0.057905
19.250000	395.000000	0.045701
19.937500	395.000000	0.024399
20.625000	395.000000	0.003642
21.312500	395.000000	-0.012057
22.000000	395.000000	-0.021548

0.687500	400.000000	-0.007540
1.375000	400.000000	-0.017172
2.062500	400.000000	-0.033026
2.750000	400.000000	-0.051973
3.437500	400.000000	-0.063833
4.125000	400.000000	-0.054561
4.812500	400.000000	-0.019232
5.500000	400.000000	0.025844
6.187500	400.000000	0.054547
6.875000	400.000000	0.055955
7.562500	400.000000	0.038853
8.250000	400.000000	0.017563
8.937500	400.000000	0.001905
9.625000	400.000000	-0.004110
10.312500	400.000000	-0.001160
11.000000	400.000000	0.006335
11.687500	400.000000	0.012157
12.375000	400.000000	0.011254
13.062500	400.000000	0.001713
13.750000	400.000000	-0.015084
14.437500	400.000000	-0.034543
15.125000	400.000000	-0.048269
15.812500	400.000000	-0.045579
16.500000	400.000000	-0.021315
17.187500	400.000000	0.014934
17.875000	400.000000	0.043340
18.562500	400.000000	0.051427
19.250000	400.000000	0.042221
19.937500	400.000000	0.026293
20.625000	400.000000	0.012165
21.312500	400.000000	0.003085
22.000000	400.000000	-0.002192

0.687500	405.000000	-0.001413
1.375000	405.000000	-0.006054
2.062500	405.000000	-0.015412
2.750000	405.000000	-0.029909
3.437500	405.000000	-0.046642
4.125000	405.000000	-0.058385
4.812500	405.000000	-0.055309
5.500000	405.000000	-0.032479
6.187500	405.000000	0.001575
6.875000	405.000000	0.028714
7.562500	405.000000	0.037149
8.250000	405.000000	0.029563
8.937500	405.000000	0.016421
9.625000	405.000000	0.006812
10.312500	405.000000	0.004437
11.000000	405.000000	0.007523
11.687500	405.000000	0.010853
12.375000	405.000000	0.009073
13.062500	405.000000	-0.000450
13.750000	405.000000	-0.016419
14.437500	405.000000	-0.033307
15.125000	405.000000	-0.041667
15.812500	405.000000	-0.031898
16.500000	405.000000	-0.003249
17.187500	405.000000	0.030709
17.875000	405.000000	0.051911
18.562500	405.000000	0.053378
19.250000	405.000000	0.041200
19.937500	405.000000	0.025288
20.625000	405.000000	0.012352
21.312500	405.000000	0.004622
22.000000	405.000000	0.001014

0.687500	410.000000	0.000996
1.375000	410.000000	0.009737
2.062500	410.000000	0.014187
2.750000	410.000000	0.012022
3.437500	410.000000	0.002570
4.125000	410.000000	-0.013835
4.812500	410.000000	-0.035528
5.500000	410.000000	-0.057258
6.187500	410.000000	-0.067760
6.875000	410.000000	-0.053526
7.562500	410.000000	-0.013060
8.250000	410.000000	0.033292
8.937500	410.000000	0.059658
9.625000	410.000000	0.058737
10.312500	410.000000	0.040928
11.000000	410.000000	0.018220
11.687500	410.000000	-0.004120
12.375000	410.000000	-0.025626
13.062500	410.000000	-0.045037
13.750000	410.000000	-0.055806
14.437500	410.000000	-0.047371
15.125000	410.000000	-0.015626
15.812500	410.000000	0.026255
16.500000	410.000000	0.055536
17.187500	410.000000	0.060689
17.875000	410.000000	0.047324
18.562500	410.000000	0.027058
19.250000	410.000000	0.008136
19.937500	410.000000	-0.005730
20.625000	410.000000	-0.013164
21.312500	410.000000	-0.013732
22.000000	410.000000	-0.008163

0.687500	415.000000	0.009504
1.375000	415.000000	0.047795
2.062500	415.000000	0.061936
2.750000	415.000000	0.052075
3.437500	415.000000	0.028773
4.125000	415.000000	0.000304
4.812500	415.000000	-0.029493
5.500000	415.000000	-0.055467
6.187500	415.000000	-0.065609
6.875000	415.000000	-0.045655
7.562500	415.000000	0.002606
8.250000	415.000000	0.052218
8.937500	415.000000	0.075151
9.625000	415.000000	0.068193
10.312500	415.000000	0.045728
11.000000	415.000000	0.020431
11.687500	415.000000	-0.003765
12.375000	415.000000	-0.028276
13.062500	415.000000	-0.053557
13.750000	415.000000	-0.073134
14.437500	415.000000	-0.072373
15.125000	415.000000	-0.039863
15.812500	415.000000	0.013042
16.500000	415.000000	0.054815
17.187500	415.000000	0.064822
17.875000	415.000000	0.048135
18.562500	415.000000	0.019800
19.250000	415.000000	-0.010288
19.937500	415.000000	-0.037791
20.625000	415.000000	-0.057317
21.312500	415.000000	-0.058774
22.000000	415.000000	-0.033967

0.687500	420.000000	0.020027
1.375000	420.000000	0.059661
2.062500	420.000000	0.067838
2.750000	420.000000	0.048940
3.437500	420.000000	0.017029
4.125000	420.000000	-0.018001
4.812500	420.000000	-0.049273
5.500000	420.000000	-0.065658
6.187500	420.000000	-0.052458
6.875000	420.000000	-0.007691
7.562500	420.000000	0.044407
8.250000	420.000000	0.072896
8.937500	420.000000	0.070210
9.625000	420.000000	0.050290
10.312500	420.000000	0.028445
11.000000	420.000000	0.011390
11.687500	420.000000	-0.001673
12.375000	420.000000	-0.015046
13.062500	420.000000	-0.032700
13.750000	420.000000	-0.054447
14.437500	420.000000	-0.072258
15.125000	420.000000	-0.070536
15.812500	420.000000	-0.038056
16.500000	420.000000	0.013305
17.187500	420.000000	0.052348
17.875000	420.000000	0.059047
18.562500	420.000000	0.038133
19.250000	420.000000	0.004112
19.937500	420.000000	-0.031390
20.625000	420.000000	-0.057699
21.312500	420.000000	-0.060630
22.000000	420.000000	-0.030562

0.687500	425.000000	0.059832
1.375000	425.000000	0.053930
2.062500	425.000000	0.038087
2.750000	425.000000	0.015977
3.437500	425.000000	-0.009812
4.125000	425.000000	-0.036097
4.812500	425.000000	-0.055264
5.500000	425.000000	-0.054643
6.187500	425.000000	-0.026041
6.875000	425.000000	0.019493
7.562500	425.000000	0.055445
8.250000	425.000000	0.064898
8.937500	425.000000	0.052418
9.625000	425.000000	0.031982
10.312500	425.000000	0.013931
11.000000	425.000000	0.001975
11.687500	425.000000	-0.004713
12.375000	425.000000	-0.009115
13.062500	425.000000	-0.014537
13.750000	425.000000	-0.023196
14.437500	425.000000	-0.035216
15.125000	425.000000	-0.048126
15.812500	425.000000	-0.057112
16.500000	425.000000	-0.056977
17.187500	425.000000	-0.046041
17.875000	425.000000	-0.028922
18.562500	425.000000	-0.013427
19.250000	425.000000	-0.003183
19.937500	425.000000	0.005539
20.625000	425.000000	0.018737
21.312500	425.000000	0.036914
22.000000	425.000000	0.053266

0.687500	430.000000	0.018410
1.375000	430.000000	0.003773
2.062500	430.000000	-0.008914
2.750000	430.000000	-0.023663
3.437500	430.000000	-0.041758
4.125000	430.000000	-0.058299
4.812500	430.000000	-0.061291
5.500000	430.000000	-0.039027
6.187500	430.000000	0.004523
6.875000	430.000000	0.045914
7.562500	430.000000	0.063388
8.250000	430.000000	0.055454
8.937500	430.000000	0.034171
9.625000	430.000000	0.010738
10.312500	430.000000	-0.009393
11.000000	430.000000	-0.024073
11.687500	430.000000	-0.031447
12.375000	430.000000	-0.029585
13.062500	430.000000	-0.018864
13.750000	430.000000	-0.004354
14.437500	430.000000	0.005520
15.125000	430.000000	0.003795
15.812500	430.000000	-0.011144
16.500000	430.000000	-0.034411
17.187500	430.000000	-0.053989
17.875000	430.000000	-0.052510
18.562500	430.000000	-0.019426
19.250000	430.000000	0.031610
19.937500	430.000000	0.069451
20.625000	430.000000	0.076624
21.312500	430.000000	0.060764
22.000000	430.000000	0.038013

0.687500	435.000000	0.010807
1.375000	435.000000	0.007303
2.062500	435.000000	-0.002020
2.750000	435.000000	-0.018250
3.437500	435.000000	-0.039355
4.125000	435.000000	-0.057893
4.812500	435.000000	-0.060623
5.500000	435.000000	-0.036596
6.187500	435.000000	0.007590
6.875000	435.000000	0.046792
7.562500	435.000000	0.060622
8.250000	435.000000	0.049976
8.937500	435.000000	0.028062
9.625000	435.000000	0.006283
10.312500	435.000000	-0.010089
11.000000	435.000000	-0.020297
11.687500	435.000000	-0.026363
12.375000	435.000000	-0.032166
13.062500	435.000000	-0.041857
13.750000	435.000000	-0.056455
14.437500	435.000000	-0.069444
15.125000	435.000000	-0.065849
15.812500	435.000000	-0.032858
16.500000	435.000000	0.020889
17.187500	435.000000	0.065649
17.875000	435.000000	0.080168
18.562500	435.000000	0.068755
19.250000	435.000000	0.047638
19.937500	435.000000	0.028937
20.625000	435.000000	0.017214
21.312500	435.000000	0.012189
22.000000	435.000000	0.011242

0.687500	440.000000	0.022335
1.375000	440.000000	0.023343
2.062500	440.000000	0.014724
2.750000	440.000000	-0.001984
3.437500	440.000000	-0.023496
4.125000	440.000000	-0.044131
4.812500	440.000000	-0.054341
5.500000	440.000000	-0.043687
6.187500	440.000000	-0.011260
6.875000	440.000000	0.027204
7.562500	440.000000	0.050891
8.250000	440.000000	0.052479
8.937500	440.000000	0.039696
9.625000	440.000000	0.023725
10.312500	440.000000	0.011083
11.000000	440.000000	0.002569
11.687500	440.000000	-0.004723
12.375000	440.000000	-0.014813
13.062500	440.000000	-0.030216
13.750000	440.000000	-0.049279
14.437500	440.000000	-0.063945
15.125000	440.000000	-0.061149
15.812500	440.000000	-0.032980
16.500000	440.000000	0.009886
17.187500	440.000000	0.042723
17.875000	440.000000	0.050095
18.562500	440.000000	0.036629
19.250000	440.000000	0.016324
19.937500	440.000000	0.000866
20.625000	440.000000	-0.003890
21.312500	440.000000	0.002013
22.000000	440.000000	0.013308

0.687500	445.000000	0.025195
1.375000	445.000000	0.020165
2.062500	445.000000	0.011456
2.750000	445.000000	-0.002975
3.437500	445.000000	-0.022432
4.125000	445.000000	-0.042127
4.812500	445.000000	-0.052184
5.500000	445.000000	-0.041313
6.187500	445.000000	-0.008064
6.875000	445.000000	0.031363
7.562500	445.000000	0.055158
8.250000	445.000000	0.055552
8.937500	445.000000	0.040504
9.625000	445.000000	0.021706
10.312500	445.000000	0.006593
11.000000	445.000000	-0.002363
11.687500	445.000000	-0.005927
12.375000	445.000000	-0.006673
13.062500	445.000000	-0.007913
13.750000	445.000000	-0.012694
14.437500	445.000000	-0.022922
15.125000	445.000000	-0.038517
15.812500	445.000000	-0.056086
16.500000	445.000000	-0.067473
17.187500	445.000000	-0.061479
17.875000	445.000000	-0.032765
18.562500	445.000000	0.008129
19.250000	445.000000	0.040397
19.937500	445.000000	0.052090
20.625000	445.000000	0.047598
21.312500	445.000000	0.037882
22.000000	445.000000	0.030116

0.687500	450.000000	0.012723
1.375000	450.000000	-0.001567
2.062500	450.000000	-0.015410
2.750000	450.000000	-0.031601
3.437500	450.000000	-0.048968
4.125000	450.000000	-0.059758
4.812500	450.000000	-0.051870
5.500000	450.000000	-0.019969
6.187500	450.000000	0.022854
6.875000	450.000000	0.052826
7.562500	450.000000	0.057576
8.250000	450.000000	0.042717
8.937500	450.000000	0.020173
9.625000	450.000000	-0.001511
10.312500	450.000000	-0.017952
11.000000	450.000000	-0.026340
11.687500	450.000000	-0.024599
12.375000	450.000000	-0.013311
13.062500	450.000000	0.002304
13.750000	450.000000	0.014008
14.437500	450.000000	0.015229
15.125000	450.000000	0.004101
15.812500	450.000000	-0.016827
16.500000	450.000000	-0.041037
17.187500	450.000000	-0.056818
17.875000	450.000000	-0.049440
18.562500	450.000000	-0.013687
19.250000	450.000000	0.033372
19.937500	450.000000	0.064120
20.625000	450.000000	0.067012
21.312500	450.000000	0.051151
22.000000	450.000000	0.030499

0.687500	455.000000	0.007783
1.375000	455.000000	0.001404
2.062500	455.000000	-0.008787
2.750000	455.000000	-0.024816
3.437500	455.000000	-0.045313
4.125000	455.000000	-0.062870
4.812500	455.000000	-0.063951
5.500000	455.000000	-0.037859
6.187500	455.000000	0.007612
6.875000	455.000000	0.046449
7.562500	455.000000	0.058832
8.250000	455.000000	0.046562
8.937500	455.000000	0.022746
9.625000	455.000000	-0.002076
10.312500	455.000000	-0.023119
11.000000	455.000000	-0.038398
11.687500	455.000000	-0.046283
12.375000	455.000000	-0.045826
13.062500	455.000000	-0.038808
13.750000	455.000000	-0.030116
14.437500	455.000000	-0.024253
15.125000	455.000000	-0.020574
15.812500	455.000000	-0.012753
16.500000	455.000000	0.005273
17.187500	455.000000	0.031380
17.875000	455.000000	0.054719
18.562500	455.000000	0.065050
19.250000	455.000000	0.060910
19.937500	455.000000	0.048118
20.625000	455.000000	0.033625
21.312500	455.000000	0.021746
22.000000	455.000000	0.013594

0.687500	460.000000	0.028236
1.375000	460.000000	0.027075
2.062500	460.000000	0.017435
2.750000	460.000000	0.001161
3.437500	460.000000	-0.019959
4.125000	460.000000	-0.042890
4.812500	460.000000	-0.060303
5.500000	460.000000	-0.060103
6.187500	460.000000	-0.033828
6.875000	460.000000	0.009711
7.562500	460.000000	0.046365
8.250000	460.000000	0.059060
8.937500	460.000000	0.050554
9.625000	460.000000	0.033404
10.312500	460.000000	0.016889
11.000000	460.000000	0.003139
11.687500	460.000000	-0.010626
12.375000	460.000000	-0.028252
13.062500	460.000000	-0.050447
13.750000	460.000000	-0.070579
14.437500	460.000000	-0.073575
15.125000	460.000000	-0.045825
15.812500	460.000000	0.005095
16.500000	460.000000	0.048821
17.187500	460.000000	0.061953
17.875000	460.000000	0.047636
18.562500	460.000000	0.022895
19.250000	460.000000	0.002010
19.937500	460.000000	-0.007726
20.625000	460.000000	-0.004816
21.312500	460.000000	0.007043
22.000000	460.000000	0.020448

0.687500	465.000000	0.039037
1.375000	465.000000	0.033636
2.062500	465.000000	0.024368
2.750000	465.000000	0.010154
3.437500	465.000000	-0.009416
4.125000	465.000000	-0.033147
4.812500	465.000000	-0.055464
5.500000	465.000000	-0.064206
6.187500	465.000000	-0.046068
6.875000	465.000000	-0.002543
7.562500	465.000000	0.042640
8.250000	465.000000	0.064271
8.937500	465.000000	0.058672
9.625000	465.000000	0.038875
10.312500	465.000000	0.018118
11.000000	465.000000	0.002741
11.687500	465.000000	-0.006600
12.375000	465.000000	-0.012183
13.062500	465.000000	-0.017295
13.750000	465.000000	-0.024985
14.437500	465.000000	-0.037069
15.125000	465.000000	-0.053019
15.812500	465.000000	-0.068417
16.500000	465.000000	-0.074129
17.187500	465.000000	-0.060016
17.875000	465.000000	-0.025071
18.562500	465.000000	0.016256
19.250000	465.000000	0.044993
19.937500	465.000000	0.054611
20.625000	465.000000	0.052064
21.312500	465.000000	0.046643
22.000000	465.000000	0.042547

0.687500	470.000000	0.011760
1.375000	470.000000	0.004868
2.062500	470.000000	0.000453
2.750000	470.000000	-0.006134
3.437500	470.000000	-0.017952
4.125000	470.000000	-0.034225
4.812500	470.000000	-0.048678
5.500000	470.000000	-0.050264
6.187500	470.000000	-0.030202
6.875000	470.000000	0.006469
7.562500	470.000000	0.040063
8.250000	470.000000	0.053369
8.937500	470.000000	0.045280
9.625000	470.000000	0.025705
10.312500	470.000000	0.004789
11.000000	470.000000	-0.011177
11.687500	470.000000	-0.018956
12.375000	470.000000	-0.017774
13.062500	470.000000	-0.010146
13.750000	470.000000	-0.001981
14.437500	470.000000	-0.000117
15.125000	470.000000	-0.008722
15.812500	470.000000	-0.026951
16.500000	470.000000	-0.047766
17.187500	470.000000	-0.057652
17.875000	470.000000	-0.042241
18.562500	470.000000	-0.001318
19.250000	470.000000	0.043139
19.937500	470.000000	0.065897
20.625000	470.000000	0.061965
21.312500	470.000000	0.043730
22.000000	470.000000	0.024768

0.687500	475.000000	0.004159
1.375000	475.000000	0.002341
2.062500	475.000000	-0.001294
2.750000	475.000000	-0.009689
3.437500	475.000000	-0.023761
4.125000	475.000000	-0.040822
4.812500	475.000000	-0.053236
5.500000	475.000000	-0.050005
6.187500	475.000000	-0.025105
6.875000	475.000000	0.012305
7.562500	475.000000	0.041781
8.250000	475.000000	0.049830
8.937500	475.000000	0.038951
9.625000	475.000000	0.019730
10.312500	475.000000	0.001218
11.000000	475.000000	-0.011880
11.687500	475.000000	-0.018360
12.375000	475.000000	-0.019757
13.062500	475.000000	-0.019812
13.750000	475.000000	-0.022851
14.437500	475.000000	-0.030813
15.125000	475.000000	-0.040344
15.812500	475.000000	-0.042300
16.500000	475.000000	-0.026878
17.187500	475.000000	0.005810
17.875000	475.000000	0.040923
18.562500	475.000000	0.060738
19.250000	475.000000	0.060052
19.937500	475.000000	0.046235
20.625000	475.000000	0.029341
21.312500	475.000000	0.015790
22.000000	475.000000	0.007705

0.687500	480.000000	0.005554
1.375000	480.000000	0.014181
2.062500	480.000000	0.015908
2.750000	480.000000	0.008977
3.437500	480.000000	-0.005741
4.125000	480.000000	-0.025501
4.812500	480.000000	-0.044894
5.500000	480.000000	-0.054581
6.187500	480.000000	-0.044221
6.875000	480.000000	-0.012519
7.562500	480.000000	0.025665
8.250000	480.000000	0.050017
8.937500	480.000000	0.052848
9.625000	480.000000	0.041152
10.312500	480.000000	0.025437
11.000000	480.000000	0.011524
11.687500	480.000000	-0.000466
12.375000	480.000000	-0.013605
13.062500	480.000000	-0.030687
13.750000	480.000000	-0.050451
14.437500	480.000000	-0.064403
15.125000	480.000000	-0.058428
15.812500	480.000000	-0.024956
16.500000	480.000000	0.022282
17.187500	480.000000	0.055815
17.875000	480.000000	0.061008
18.562500	480.000000	0.044712
19.250000	480.000000	0.021362
19.937500	480.000000	0.001376
20.625000	480.000000	-0.010237
21.312500	480.000000	-0.011946
22.000000	480.000000	-0.005182

0.687500	485.000000	0.015055
1.375000	485.000000	0.034418
2.062500	485.000000	0.038994
2.750000	485.000000	0.027833
3.437500	485.000000	0.005775
4.125000	485.000000	-0.020951
4.812500	485.000000	-0.044313
5.500000	485.000000	-0.052380
6.187500	485.000000	-0.034114
6.875000	485.000000	0.006898
7.562500	485.000000	0.047948
8.250000	485.000000	0.066907
8.937500	485.000000	0.061394
9.625000	485.000000	0.043416
10.312500	485.000000	0.024725
11.000000	485.000000	0.010503
11.687500	485.000000	0.000359
12.375000	485.000000	-0.008934
13.062500	485.000000	-0.020948
13.750000	485.000000	-0.037316
14.437500	485.000000	-0.055380
15.125000	485.000000	-0.066561
15.812500	485.000000	-0.059127
16.500000	485.000000	-0.028939
17.187500	485.000000	0.010416
17.875000	485.000000	0.036168
18.562500	485.000000	0.037088
19.250000	485.000000	0.019240
19.937500	485.000000	-0.004238
20.625000	485.000000	-0.021358
21.312500	485.000000	-0.023634
22.000000	485.000000	-0.008945

0.687500	490.000000	0.042267
1.375000	490.000000	0.018684
2.062500	490.000000	-0.003115
2.750000	490.000000	-0.023436
3.437500	490.000000	-0.039838
4.125000	490.000000	-0.044366
4.812500	490.000000	-0.028189
5.500000	490.000000	0.006873
6.187500	490.000000	0.043495
6.875000	490.000000	0.062669
7.562500	490.000000	0.059916
8.250000	490.000000	0.043721
8.937500	490.000000	0.024374
9.625000	490.000000	0.007950
10.312500	490.000000	-0.003434
11.000000	490.000000	-0.009690
11.687500	490.000000	-0.011562
12.375000	490.000000	-0.010267
13.062500	490.000000	-0.007403
13.750000	490.000000	-0.004793
14.437500	490.000000	-0.004276
15.125000	490.000000	-0.007644
15.812500	490.000000	-0.016656
16.500000	490.000000	-0.032578
17.187500	490.000000	-0.054323
17.875000	490.000000	-0.074796
18.562500	490.000000	-0.078675
19.250000	490.000000	-0.050734
19.937500	490.000000	0.003681
20.625000	490.000000	0.053886
21.312500	490.000000	0.073738
22.000000	490.000000	0.064521

0.687500	495.000000	0.027150
1.375000	495.000000	-0.002589
2.062500	495.000000	-0.032274
2.750000	495.000000	-0.058304
3.437500	495.000000	-0.069910
4.125000	495.000000	-0.052939
4.812500	495.000000	-0.007223
5.500000	495.000000	0.042500
6.187500	495.000000	0.067651
6.875000	495.000000	0.062839
7.562500	495.000000	0.041683
8.250000	495.000000	0.017955
8.937500	495.000000	-0.002608
9.625000	495.000000	-0.020173
10.312500	495.000000	-0.036145
11.000000	495.000000	-0.049227
11.687500	495.000000	-0.053694
12.375000	495.000000	-0.042314
13.062500	495.000000	-0.014555
13.750000	495.000000	0.017893
14.437500	495.000000	0.038477
15.125000	495.000000	0.038984
15.812500	495.000000	0.022253
16.500000	495.000000	-0.004505
17.187500	495.000000	-0.033539
17.875000	495.000000	-0.054085
18.562500	495.000000	-0.051466
19.250000	495.000000	-0.017934
19.937500	495.000000	0.031586
20.625000	495.000000	0.067137
21.312500	495.000000	0.072612
22.000000	495.000000	0.054763

0.687500	500.000000	0.007550
1.375000	500.000000	-0.007816
2.062500	500.000000	-0.028485
2.750000	500.000000	-0.052427
3.437500	500.000000	-0.070284
4.125000	500.000000	-0.065991
4.812500	500.000000	-0.029908
5.500000	500.000000	0.023006
6.187500	500.000000	0.060971
6.875000	500.000000	0.067284
7.562500	500.000000	0.050441
8.250000	500.000000	0.026641
8.937500	500.000000	0.005766
9.625000	500.000000	-0.009812
10.312500	500.000000	-0.021567
11.000000	500.000000	-0.031814
11.687500	500.000000	-0.042215
12.375000	500.000000	-0.053292
13.062500	500.000000	-0.064142
13.750000	500.000000	-0.071711
14.437500	500.000000	-0.070056
15.125000	500.000000	-0.052205
15.812500	500.000000	-0.016739
16.500000	500.000000	0.026269
17.187500	500.000000	0.060459
17.875000	500.000000	0.076212
18.562500	500.000000	0.075486
19.250000	500.000000	0.065674
19.937500	500.000000	0.053023
20.625000	500.000000	0.040739
21.312500	500.000000	0.029701
22.000000	500.000000	0.019243

