0.687500	0.000000	0.002938
1.375000	0.000000	-0.001434
2.062500	0.000000	-0.005987
2.750000	0.000000	-0.011104
3.437500	0.000000	-0.016608
4.125000	0.000000	-0.021549
4.812500	0.000000	-0.024380
5.500000	0.000000	-0.023716
6.187500	0.000000	-0.019511
6.875000	0.000000	-0.013866
7.562500	0.000000	-0.010462
8.250000	0.000000	-0.012637
8.937500	0.000000	-0.021272
9.625000	0.000000	-0.033459
10.312500	0.000000	-0.042295
11.000000	0.000000	-0.039054
11.687500	0.000000	-0.019438
12.375000	0.000000	0.009869
13.062500	0.000000	0.034136
13.750000	0.000000	0.042937
14.437500	0.000000	0.037287
15.125000	0.000000	0.025293
15.812500	0.000000	0.014912
16.500000	0.000000	0.010464
17.187500	0.000000	0.012258
17.875000	0.000000	0.017584
18.562500	0.000000	0.022622
19.250000	0.000000	0.024588
19.937500	0.000000	0.022834
20.625000	0.000000	0.018424
21.312500	0.000000	0.012966
22.000000	0.000000	0.007660

0.687500	5.000000	0.002938
1.375000	5.000000	-0.001434
2.062500	5.000000	-0.005987
2.750000	5.000000	-0.011104
3.437500	5.000000	-0.016608
4.125000	5.000000	-0.021549
4.812500	5.000000	-0.024380
5.500000	5.000000	-0.023716
6.187500	5.000000	-0.019511
6.875000	5.000000	-0.013866
7.562500	5.000000	-0.010462
8.250000	5.000000	-0.012637
8.937500	5.000000	-0.021272
9.625000	5.000000	-0.033459
10.312500	5.000000	-0.042295
11.000000	5.000000	-0.039054
11.687500	5.000000	-0.019438
12.375000	5.000000	0.009869
13.062500	5.000000	0.034136
13.750000	5.000000	0.042937
14.437500	5.000000	0.037287
15.125000	5.000000	0.025293
15.812500	5.000000	0.014912
16.500000	5.000000	0.010464
17.187500	5.000000	0.012258
17.875000	5.000000	0.017584
18.562500	5.000000	0.022622
19.250000	5.000000	0.024588
19.937500	5.000000	0.022834
20.625000	5.000000	0.018424
21.312500	5.000000	0.012966
22.000000	5.000000	0.007660

0.687500	10.000000	0.002938
1.375000	10.000000	-0.001434
2.062500	10.000000	-0.005987
2.750000	10.000000	-0.011104
3.437500	10.000000	-0.016608
4.125000	10.000000	-0.021549
4.812500	10.000000	-0.024380
5.500000	10.000000	-0.023716
6.187500	10.000000	-0.019511
6.875000	10.000000	-0.013866
7.562500	10.000000	-0.010462
8.250000	10.000000	-0.012637
8.937500	10.000000	-0.021272
9.625000	10.000000	-0.033459
10.312500	10.000000	-0.042295
11.000000	10.000000	-0.039054
11.687500	10.000000	-0.019438
12.375000	10.000000	0.009869
13.062500	10.000000	0.034136
13.750000	10.000000	0.042937
14.437500	10.000000	0.037287
15.125000	10.000000	0.025293
15.812500	10.000000	0.014912
16.500000	10.000000	0.010464
17.187500	10.000000	0.012258
17.875000	10.000000	0.017584
18.562500	10.000000	0.022622
19.250000	10.000000	0.024588
19.937500	10.000000	0.022834
20.625000	10.000000	0.018424
21.312500	10.000000	0.012966
22.000000	10.000000	0.007660

0.687500	15.000000	0.002938
1.375000	15.000000	-0.001434
2.062500	15.000000	-0.005987
2.750000	15.000000	-0.011104
3.437500	15.000000	-0.016608
4.125000	15.000000	-0.021549
4.812500	15.000000	-0.024380
5.500000	15.000000	-0.023716
6.187500	15.000000	-0.019511
6.875000	15.000000	-0.013866
7.562500	15.000000	-0.010462
8.250000	15.000000	-0.012637
8.937500	15.000000	-0.021272
9.625000	15.000000	-0.033459
10.312500	15.000000	-0.042295
11.000000	15.000000	-0.039054
11.687500	15.000000	-0.019438
12.375000	15.000000	0.009869
13.062500	15.000000	0.034136
13.750000	15.000000	0.042937
14.437500	15.000000	0.037287
15.125000	15.000000	0.025293
15.812500	15.000000	0.014912
16.500000	15.000000	0.010464
17.187500	15.000000	0.012258
17.875000	15.000000	0.017584
18.562500	15.000000	0.022622
19.250000	15.000000	0.024588
19.937500	15.000000	0.022834
20.625000	15.000000	0.018424
21.312500	15.000000	0.012966
22.000000	15.000000	0.007660

0.687500	20.000000	0.002938
1.375000	20.000000	-0.001434
2.062500	20.000000	-0.005987
2.750000	20.000000	-0.011104
3.437500	20.000000	-0.016608
4.125000	20.000000	-0.021549
4.812500	20.000000	-0.024380
5.500000	20.000000	-0.023716
6.187500	20.000000	-0.019511
6.875000	20.000000	-0.013866
7.562500	20.000000	-0.010462
8.250000	20.000000	-0.012637
8.937500	20.000000	-0.021272
9.625000	20.000000	-0.033459
10.312500	20.000000	-0.042295
11.000000	20.000000	-0.039054
11.687500	20.000000	-0.019438
12.375000	20.000000	0.009869
13.062500	20.000000	0.034136
13.750000	20.000000	0.042937
14.437500	20.000000	0.037287
15.125000	20.000000	0.025293
15.812500	20.000000	0.014912
16.500000	20.000000	0.010464
17.187500	20.000000	0.012258
17.875000	20.000000	0.017584
18.562500	20.000000	0.022622
19.250000	20.000000	0.024588
19.937500	20.000000	0.022834
20.625000	20.000000	0.018424
21.312500	20.000000	0.012966
22.000000	20.000000	0.007660

0.687500	25.000000	0.002938
1.375000	25.000000	-0.001434
2.062500	25.000000	-0.005987
2.750000	25.000000	-0.011104
3.437500	25.000000	-0.016608
4.125000	25.000000	-0.021549
4.812500	25.000000	-0.024380
5.500000	25.000000	-0.023716
6.187500	25.000000	-0.019511
6.875000	25.000000	-0.013866
7.562500	25.000000	-0.010462
8.250000	25.000000	-0.012637
8.937500	25.000000	-0.021272
9.625000	25.000000	-0.033459
10.312500	25.000000	-0.042295
11.000000	25.000000	-0.039054
11.687500	25.000000	-0.019438
12.375000	25.000000	0.009869
13.062500	25.000000	0.034136
13.750000	25.000000	0.042937
14.437500	25.000000	0.037287
15.125000	25.000000	0.025293
15.812500	25.000000	0.014912
16.500000	25.000000	0.010464
17.187500	25.000000	0.012258
17.875000	25.000000	0.017584
18.562500	25.000000	0.022622
19.250000	25.000000	0.024588
19.937500	25.000000	0.022834
20.625000	25.000000	0.018424
21.312500	25.000000	0.012966
22.000000	25.000000	0.007660

0.687500	30.000000	0.002938
1.375000	30.000000	-0.001434
2.062500	30.000000	-0.005987
2.750000	30.000000	-0.011104
3.437500	30.000000	-0.016608
4.125000	30.000000	-0.021549
4.812500	30.000000	-0.024380
5.500000	30.000000	-0.023715
6.187500	30.000000	-0.019511
6.875000	30.000000	-0.013866
7.562500	30.000000	-0.010462
8.250000	30.000000	-0.012637
8.937500	30.000000	-0.021272
9.625000	30.000000	-0.033459
10.312500	30.000000	-0.042295
11.000000	30.000000	-0.039054
11.687500	30.000000	-0.019438
12.375000	30.000000	0.009869
13.062500	30.000000	0.034136
13.750000	30.000000	0.042937
14.437500	30.000000	0.037287
15.125000	30.000000	0.025293
15.812500	30.000000	0.014912
16.500000	30.000000	0.010464
17.187500	30.000000	0.012258
17.875000	30.000000	0.017584
18.562500	30.000000	0.022622
19.250000	30.000000	0.024588
19.937500	30.000000	0.022834
20.625000	30.000000	0.018424
21.312500	30.000000	0.012966
22.000000	30.000000	0.007660

0.687500	35.000000	0.002938
1.375000	35.000000	-0.001434
2.062500	35.000000	-0.005987
2.750000	35.000000	-0.011104
3.437500	35.000000	-0.016608
4.125000	35.000000	-0.021549
4.812500	35.000000	-0.024380
5.500000	35.000000	-0.023715
6.187500	35.000000	-0.019511
6.875000	35.000000	-0.013866
7.562500	35.000000	-0.010462
8.250000	35.000000	-0.012637
8.937500	35.000000	-0.021272
9.625000	35.000000	-0.033459
10.312500	35.000000	-0.042295
11.000000	35.000000	-0.039054
11.687500	35.000000	-0.019438
12.375000	35.000000	0.009869
13.062500	35.000000	0.034136
13.750000	35.000000	0.042937
14.437500	35.000000	0.037287
15.125000	35.000000	0.025293
15.812500	35.000000	0.014912
16.500000	35.000000	0.010464
17.187500	35.000000	0.012258
17.875000	35.000000	0.017584
18.562500	35.000000	0.022622
19.250000	35.000000	0.024588
19.937500	35.000000	0.022834
20.625000	35.000000	0.018424
21.312500	35.000000	0.012966
22.000000	35.000000	0.007660

0.687500	40.000000	0.002938
1.375000	40.000000	-0.001434
2.062500	40.000000	-0.005987
2.750000	40.000000	-0.011104
3.437500	40.000000	-0.016608
4.125000	40.000000	-0.021549
4.812500	40.000000	-0.024380
5.500000	40.000000	-0.023716
6.187500	40.000000	-0.019511
6.875000	40.000000	-0.013866
7.562500	40.000000	-0.010462
8.250000	40.000000	-0.012637
8.937500	40.000000	-0.021272
9.625000	40.000000	-0.033459
10.312500	40.000000	-0.042295
11.000000	40.000000	-0.039054
11.687500	40.000000	-0.019438
12.375000	40.000000	0.009869
13.062500	40.000000	0.034136
13.750000	40.000000	0.042937
14.437500	40.000000	0.037287
15.125000	40.000000	0.025293
15.812500	40.000000	0.014912
16.500000	40.000000	0.010464
17.187500	40.000000	0.012258
17.875000	40.000000	0.017584
18.562500	40.000000	0.022622
19.250000	40.000000	0.024588
19.937500	40.000000	0.022834
20.625000	40.000000	0.018424
21.312500	40.000000	0.012966
22.000000	40.000000	0.007660

0.687500	45.000000	0.002938
1.375000	45.000000	-0.001434
2.062500	45.000000	-0.005987
2.750000	45.000000	-0.011104
3.437500	45.000000	-0.016608
4.125000	45.000000	-0.021549
4.812500	45.000000	-0.024380
5.500000	45.000000	-0.023716
6.187500	45.000000	-0.019511
6.875000	45.000000	-0.013867
7.562500	45.000000	-0.010463
8.250000	45.000000	-0.012638
8.937500	45.000000	-0.021272
9.625000	45.000000	-0.033459
10.312500	45.000000	-0.042295
11.000000	45.000000	-0.039054
11.687500	45.000000	-0.019438
12.375000	45.000000	0.009869
13.062500	45.000000	0.034136
13.750000	45.000000	0.042937
14.437500	45.000000	0.037287
15.125000	45.000000	0.025293
15.812500	45.000000	0.014912
16.500000	45.000000	0.010464
17.187500	45.000000	0.012258
17.875000	45.000000	0.017584
18.562500	45.000000	0.022622
19.250000	45.000000	0.024588
19.937500	45.000000	0.022834
20.625000	45.000000	0.018424
21.312500	45.000000	0.012966
22.000000	45.000000	0.007660

0.687500	50.000000	0.002938
1.375000	50.000000	-0.001434
2.062500	50.000000	-0.005987
2.750000	50.000000	-0.011104
3.437500	50.000000	-0.016608
4.125000	50.000000	-0.021549
4.812500	50.000000	-0.024380
5.500000	50.000000	-0.023715
6.187500	50.000000	-0.019511
6.875000	50.000000	-0.013866
7.562500	50.000000	-0.010462
8.250000	50.000000	-0.012638
8.937500	50.000000	-0.021272
9.625000	50.000000	-0.033459
10.312500	50.000000	-0.042296
11.000000	50.000000	-0.039055
11.687500	50.000000	-0.019438
12.375000	50.000000	0.009869
13.062500	50.000000	0.034137
13.750000	50.000000	0.042937
14.437500	50.000000	0.037287
15.125000	50.000000	0.025293
15.812500	50.000000	0.014912
16.500000	50.000000	0.010464
17.187500	50.000000	0.012258
17.875000	50.000000	0.017584
18.562500	50.000000	0.022622
19.250000	50.000000	0.024588
19.937500	50.000000	0.022834
20.625000	50.000000	0.018424
21.312500	50.000000	0.012966
22.000000	50.000000	0.007660

0.687500	55.000000	0.002938
1.375000	55.000000	-0.001434
2.062500	55.000000	-0.005987
2.750000	55.000000	-0.011104
3.437500	55.000000	-0.016609
4.125000	55.000000	-0.021550
4.812500	55.000000	-0.024380
5.500000	55.000000	-0.023716
6.187500	55.000000	-0.019511
6.875000	55.000000	-0.013866
7.562500	55.000000	-0.010462
8.250000	55.000000	-0.012637
8.937500	55.000000	-0.021271
9.625000	55.000000	-0.033458
10.312500	55.000000	-0.042295
11.000000	55.000000	-0.039055
11.687500	55.000000	-0.019439
12.375000	55.000000	0.009868
13.062500	55.000000	0.034136
13.750000	55.000000	0.042937
14.437500	55.000000	0.037287
15.125000	55.000000	0.025293
15.812500	55.000000	0.014912
16.500000	55.000000	0.010464
17.187500	55.000000	0.012258
17.875000	55.000000	0.017584
18.562500	55.000000	0.022622
19.250000	55.000000	0.024588
19.937500	55.000000	0.022834
20.625000	55.000000	0.018424
21.312500	55.000000	0.012966
22.000000	55.000000	0.007660

0.687500	60.000000	0.002938
1.375000	60.000000	-0.001434
2.062500	60.000000	-0.005987
2.750000	60.000000	-0.011104
3.437500	60.000000	-0.016608
4.125000	60.000000	-0.021549
4.812500	60.000000	-0.024381
5.500000	60.000000	-0.023716
6.187500	60.000000	-0.019512
6.875000	60.000000	-0.013867
7.562500	60.000000	-0.010463
8.250000	60.000000	-0.012637
8.937500	60.000000	-0.021271
9.625000	60.000000	-0.033458
10.312500	60.000000	-0.042294
11.000000	60.000000	-0.039054
11.687500	60.000000	-0.019438
12.375000	60.000000	0.009868
13.062500	60.000000	0.034135
13.750000	60.000000	0.042936
14.437500	60.000000	0.037288
15.125000	60.000000	0.025294
15.812500	60.000000	0.014913
16.500000	60.000000	0.010464
17.187500	60.000000	0.012258
17.875000	60.000000	0.017584
18.562500	60.000000	0.022622
19.250000	60.000000	0.024588
19.937500	60.000000	0.022834
20.625000	60.000000	0.018424
21.312500	60.000000	0.012966
22.000000	60.000000	0.007661

0.687500	65.000000	0.002938
1.375000	65.000000	-0.001434
2.062500	65.000000	-0.005986
2.750000	65.000000	-0.011103
3.437500	65.000000	-0.016607
4.125000	65.000000	-0.021548
4.812500	65.000000	-0.024379
5.500000	65.000000	-0.023715
6.187500	65.000000	-0.019512
6.875000	65.000000	-0.013868
7.562500	65.000000	-0.010464
8.250000	65.000000	-0.012640
8.937500	65.000000	-0.021274
9.625000	65.000000	-0.033461
10.312500	65.000000	-0.042296
11.000000	65.000000	-0.039053
11.687500	65.000000	-0.019435
12.375000	65.000000	0.009872
13.062500	65.000000	0.034138
13.750000	65.000000	0.042937
14.437500	65.000000	0.037287
15.125000	65.000000	0.025292
15.812500	65.000000	0.014911
16.500000	65.000000	0.010464
17.187500	65.000000	0.012258
17.875000	65.000000	0.017584
18.562500	65.000000	0.022622
19.250000	65.000000	0.024588
19.937500	65.000000	0.022834
20.625000	65.000000	0.018424
21.312500	65.000000	0.012966
22.000000	65.000000	0.007660

0.687500	70.000000	0.002937
1.375000	70.000000	-0.001435
2.062500	70.000000	-0.005988
2.750000	70.000000	-0.011104
3.437500	70.000000	-0.016609
4.125000	70.000000	-0.021549
4.812500	70.000000	-0.024379
5.500000	70.000000	-0.023713
6.187500	70.000000	-0.019508
6.875000	70.000000	-0.013863
7.562500	70.000000	-0.010460
8.250000	70.000000	-0.012637
8.937500	70.000000	-0.021273
9.625000	70.000000	-0.033461
10.312500	70.000000	-0.042298
11.000000	70.000000	-0.039056
11.687500	70.000000	-0.019438
12.375000	70.000000	0.009870
13.062500	70.000000	0.034137
13.750000	70.000000	0.042937
14.437500	70.000000	0.037286
15.125000	70.000000	0.025291
15.812500	70.000000	0.014911
16.500000	70.000000	0.010463
17.187500	70.000000	0.012258
17.875000	70.000000	0.017585
18.562500	70.000000	0.022623
19.250000	70.000000	0.024589
19.937500	70.000000	0.022834
20.625000	70.000000	0.018424
21.312500	70.000000	0.012966
22.000000	70.000000	0.007660

0.687500	75.000000	0.002937
1.375000	75.000000	-0.001435
2.062500	75.000000	-0.005988
2.750000	75.000000	-0.011105
3.437500	75.000000	-0.016611
4.125000	75.000000	-0.021552
4.812500	75.000000	-0.024383
5.500000	75.000000	-0.023718
6.187500	75.000000	-0.019511
6.875000	75.000000	-0.013864
7.562500	75.000000	-0.010457
8.250000	75.000000	-0.012630
8.937500	75.000000	-0.021263
9.625000	75.000000	-0.033451
10.312500	75.000000	-0.042292
11.000000	75.000000	-0.039058
11.687500	75.000000	-0.019449
12.375000	75.000000	0.009857
13.062500	75.000000	0.034128
13.750000	75.000000	0.042935
14.437500	75.000000	0.037291
15.125000	75.000000	0.025298
15.812500	75.000000	0.014917
16.500000	75.000000	0.010467
17.187500	75.000000	0.012260
17.875000	75.000000	0.017584
18.562500	75.000000	0.022622
19.250000	75.000000	0.024587
19.937500	75.000000	0.022833
20.625000	75.000000	0.018424
21.312500	75.000000	0.012966
22.000000	75.000000	0.007660

0.687500	80.000000	0.002941
1.375000	80.000000	-0.001431
2.062500	80.000000	-0.005984
2.750000	80.000000	-0.011101
3.437500	80.000000	-0.016606
4.125000	80.000000	-0.021549
4.812500	80.000000	-0.024384
5.500000	80.000000	-0.023723
6.187500	80.000000	-0.019522
6.875000	80.000000	-0.013877
7.562500	80.000000	-0.010470
8.250000	80.000000	-0.012640
8.937500	80.000000	-0.021269
9.625000	80.000000	-0.033453
10.312500	80.000000	-0.042288
11.000000	80.000000	-0.039049
11.687500	80.000000	-0.019435
12.375000	80.000000	0.009869
13.062500	80.000000	0.034137
13.750000	80.000000	0.042939
14.437500	80.000000	0.037292
15.125000	80.000000	0.025298
15.812500	80.000000	0.014916
16.500000	80.000000	0.010464
17.187500	80.000000	0.012255
17.875000	80.000000	0.017579
18.562500	80.000000	0.022617
19.250000	80.000000	0.024585
19.937500	80.000000	0.022833
20.625000	80.000000	0.018425
21.312500	80.000000	0.012968
22.000000	80.000000	0.007663

0.687500	85.000000	0.002939
1.375000	85.000000	-0.001433
2.062500	85.000000	-0.005984
2.750000	85.000000	-0.011100
3.437500	85.000000	-0.016602
4.125000	85.000000	-0.021540
4.812500	85.000000	-0.024369
5.500000	85.000000	-0.023706
6.187500	85.000000	-0.019507
6.875000	85.000000	-0.013871
7.562500	85.000000	-0.010478
8.250000	85.000000	-0.012662
8.937500	85.000000	-0.021302
9.625000	85.000000	-0.033486
10.312500	85.000000	-0.042308
11.000000	85.000000	-0.039042
11.687500	85.000000	-0.019400
12.375000	85.000000	0.009914
13.062500	85.000000	0.034165
13.750000	85.000000	0.042940
14.437500	85.000000	0.037271
15.125000	85.000000	0.025270
15.812500	85.000000	0.014891
16.500000	85.000000	0.010449
17.187500	85.000000	0.012251
17.875000	85.000000	0.017584
18.562500	85.000000	0.022627
19.250000	85.000000	0.024594
19.937500	85.000000	0.022839
20.625000	85.000000	0.018428
21.312500	85.000000	0.012968
22.000000	85.000000	0.007661

0.687500	90.000000	0.002926
1.375000	90.000000	-0.001446
2.062500	90.000000	-0.006000
2.750000	90.000000	-0.011116
3.437500	90.000000	-0.016618
4.125000	90.000000	-0.021552
4.812500	90.000000	-0.024371
5.500000	90.000000	-0.023693
6.187500	90.000000	-0.019478
6.875000	90.000000	-0.013831
7.562500	90.000000	-0.010434
8.250000	90.000000	-0.012622
8.937500	90.000000	-0.021271
9.625000	90.000000	-0.033470
10.312500	90.000000	-0.042314
11.000000	90.000000	-0.039077
11.687500	90.000000	-0.019461
12.375000	90.000000	0.009849
13.062500	90.000000	0.034120
13.750000	90.000000	0.042923
14.437500	90.000000	0.037275
15.125000	90.000000	0.025284
15.812500	90.000000	0.014911
16.500000	90.000000	0.010473
17.187500	90.000000	0.012276
17.875000	90.000000	0.017607
18.562500	90.000000	0.022642
19.250000	90.000000	0.024601
19.937500	90.000000	0.022837
20.625000	90.000000	0.018420
21.312500	90.000000	0.012958
22.000000	90.000000	0.007650

0.687500	95.000000	0.002938
1.375000	95.000000	-0.001434
2.062500	95.000000	-0.005990
2.750000	95.000000	-0.011113
3.437500	95.000000	-0.016626
4.125000	95.000000	-0.021579
4.812500	95.000000	-0.024420
5.500000	95.000000	-0.023756
6.187500	95.000000	-0.019538
6.875000	95.000000	-0.013862
7.562500	95.000000	-0.010418
8.250000	95.000000	-0.012554
8.937500	95.000000	-0.021165
9.625000	95.000000	-0.033359
10.312500	95.000000	-0.042246
11.000000	95.000000	-0.039098
11.687500	95.000000	-0.019573
12.375000	95.000000	0.009711
13.062500	95.000000	0.034040
13.750000	95.000000	0.042936
14.437500	95.000000	0.037357
15.125000	95.000000	0.025388
15.812500	95.000000	0.014997
16.500000	95.000000	0.010519
17.187500	95.000000	0.012277
17.875000	95.000000	0.017573
18.562500	95.000000	0.022595
19.250000	95.000000	0.024559
19.937500	95.000000	0.022811
20.625000	95.000000	0.018411
21.312500	95.000000	0.012960
22.000000	95.000000	0.007659

0.687500	100.000000	0.002981
1.375000	100.000000	-0.001389
2.062500	100.000000	-0.005940
2.750000	100.000000	-0.011057
3.437500	100.000000	-0.016569
4.125000	100.000000	-0.021531
4.812500	100.000000	-0.024399
5.500000	100.000000	-0.023781
6.187500	100.000000	-0.019616
6.875000	100.000000	-0.013989
7.562500	100.000000	-0.010573
8.250000	100.000000	-0.012716
8.937500	100.000000	-0.021310
9.625000	100.000000	-0.033457
10.312500	100.000000	-0.042248
11.000000	100.000000	-0.038958
11.687500	100.000000	-0.019306
12.375000	100.000000	0.010003
13.062500	100.000000	0.034237
13.750000	100.000000	0.042993
14.437500	100.000000	0.037308
15.125000	100.000000	0.025285
15.812500	100.000000	0.014877
16.500000	100.000000	0.010400
17.187500	100.000000	0.012171
17.875000	100.000000	0.017495
18.562500	100.000000	0.022553
19.250000	100.000000	0.024552
19.937500	100.000000	0.022832
20.625000	100.000000	0.018447
21.312500	100.000000	0.013002
22.000000	100.000000	0.007701

0.687500	105.000000	0.002920
1.375000	105.000000	-0.001452
2.062500	105.000000	-0.005996
2.750000	105.000000	-0.011093
3.437500	105.000000	-0.016562
4.125000	105.000000	-0.021454
4.812500	105.000000	-0.024235
5.500000	105.000000	-0.023548
6.187500	105.000000	-0.019378
6.875000	105.000000	-0.013836
7.562500	105.000000	-0.010582
8.250000	105.000000	-0.012908
8.937500	105.000000	-0.021641
9.625000	105.000000	-0.033817
10.312500	105.000000	-0.042478
11.000000	105.000000	-0.038913
11.687500	105.000000	-0.018984
12.375000	105.000000	0.010396
13.062500	105.000000	0.034439
13.750000	105.000000	0.042902
14.437500	105.000000	0.037009
15.125000	105.000000	0.024935
15.812500	105.000000	0.014606
16.500000	105.000000	0.010283
17.187500	105.000000	0.012221
17.875000	105.000000	0.017662
18.562500	105.000000	0.022756
19.250000	105.000000	0.024718
19.937500	105.000000	0.022926
20.625000	105.000000	0.018472
21.312500	105.000000	0.012979
22.000000	105.000000	0.007652

0.687500	110.000000	0.002783
1.375000	110.000000	-0.001593
2.062500	110.000000	-0.006155
2.750000	110.000000	-0.011276
3.437500	110.000000	-0.016764
4.125000	110.000000	-0.021645
4.812500	110.000000	-0.024362
5.500000	110.000000	-0.023542
6.187500	110.000000	-0.019186
6.875000	110.000000	-0.013447
7.562500	110.000000	-0.010034
8.250000	110.000000	-0.012268
8.937500	110.000000	-0.021003
9.625000	110.000000	-0.033334
10.312500	110.000000	-0.042394
11.000000	110.000000	-0.039453
11.687500	110.000000	-0.020096
12.375000	110.000000	0.009165
13.062500	110.000000	0.033633
13.750000	110.000000	0.042730
14.437500	110.000000	0.037320
15.125000	110.000000	0.025472
15.812500	110.000000	0.015183
16.500000	110.000000	0.010799
17.187500	110.000000	0.012616
17.875000	110.000000	0.017900
18.562500	110.000000	0.022834
19.250000	110.000000	0.024669
19.937500	110.000000	0.022800
20.625000	110.000000	0.018316
21.312500	110.000000	0.012823
22.000000	110.000000	0.007508

0.687500	115.000000	0.003061
1.375000	115.000000	-0.001307
2.062500	115.000000	-0.005888
2.750000	115.000000	-0.011076
3.437500	115.000000	-0.016715
4.125000	115.000000	-0.021855
4.812500	115.000000	-0.024907
5.500000	115.000000	-0.024380
6.187500	115.000000	-0.020103
6.875000	115.000000	-0.014112
7.562500	115.000000	-0.010160
8.250000	115.000000	-0.011761
8.937500	115.000000	-0.020004
9.625000	115.000000	-0.032192
10.312500	115.000000	-0.041597
11.000000	115.000000	-0.039440
11.687500	115.000000	-0.020880
12.375000	115.000000	0.008179
13.062500	115.000000	0.033210
13.750000	115.000000	0.043159
14.437500	115.000000	0.038323
15.125000	115.000000	0.026559
15.812500	115.000000	0.015938
16.500000	115.000000	0.010990
17.187500	115.000000	0.012233
17.875000	115.000000	0.017148
18.562500	115.000000	0.022023
19.250000	115.000000	0.024056
19.937500	115.000000	0.022492
20.625000	115.000000	0.018282
21.312500	115.000000	0.012971
22.000000	115.000000	0.007749

0.687500	120.000000	0.003472
1.375000	120.000000	-0.000898
2.062500	120.000000	-0.005420
2.750000	120.000000	-0.010502
3.437500	120.000000	-0.016021
4.125000	120.000000	-0.021099
4.812500	120.000000	-0.024247
5.500000	120.000000	-0.024075
6.187500	120.000000	-0.020434
6.875000	120.000000	-0.015259
7.562500	120.000000	-0.012108
8.250000	120.000000	-0.014301
8.937500	120.000000	-0.022725
9.625000	120.000000	-0.034368
10.312500	120.000000	-0.042136
11.000000	120.000000	-0.037361
11.687500	120.000000	-0.016422
12.375000	120.000000	0.013078
13.062500	120.000000	0.036268
13.750000	120.000000	0.043545
14.437500	120.000000	0.036738
15.125000	120.000000	0.024134
15.812500	120.000000	0.013497
16.500000	120.000000	0.008981
17.187500	120.000000	0.010881
17.875000	120.000000	0.016520
18.562500	120.000000	0.022028
19.250000	120.000000	0.024484
19.937500	120.000000	0.023107
20.625000	120.000000	0.018909
21.312500	120.000000	0.013524
22.000000	120.000000	0.008214

0.687500	125.000000	0.002293
1.375000	125.000000	-0.002108
2.062500	125.000000	-0.006587
2.750000	125.000000	-0.011466
3.437500	125.000000	-0.016477
4.125000	125.000000	-0.020634
4.812500	125.000000	-0.022533
5.500000	125.000000	-0.021169
6.187500	125.000000	-0.016990
6.875000	125.000000	-0.012377
7.562500	125.000000	-0.010816
8.250000	125.000000	-0.015039
8.937500	125.000000	-0.025165
9.625000	125.000000	-0.037521
10.312500	125.000000	-0.044599
11.000000	125.000000	-0.037931
11.687500	125.000000	-0.015104
12.375000	125.000000	0.014714
13.062500	125.000000	0.036369
13.750000	125.000000	0.041540
14.437500	125.000000	0.033441
15.125000	125.000000	0.020883
15.812500	125.000000	0.011486
16.500000	125.000000	0.008927
17.187500	125.000000	0.012771
17.875000	125.000000	0.019569
18.562500	125.000000	0.025084
19.250000	125.000000	0.026639
19.937500	125.000000	0.024047
20.625000	125.000000	0.018818
21.312500	125.000000	0.012782
22.000000	125.000000	0.007155

0.687500	130.000000	0.001258
1.375000	130.000000	-0.003183
2.062500	130.000000	-0.007945
2.750000	130.000000	-0.013311
3.437500	130.000000	-0.018906
4.125000	130.000000	-0.023505
4.812500	130.000000	-0.025313
5.500000	130.000000	-0.022908
6.187500	130.000000	-0.016580
6.875000	130.000000	-0.009012
7.562500	130.000000	-0.004346
8.250000	130.000000	-0.006014
8.937500	130.000000	-0.014921
9.625000	130.000000	-0.028675
10.312500	130.000000	-0.041383
11.000000	130.000000	-0.044530
11.687500	130.000000	-0.031346
12.375000	130.000000	-0.004100
13.062500	130.000000	0.024270
13.750000	130.000000	0.040216
14.437500	130.000000	0.040477
15.125000	130.000000	0.031500
15.812500	130.000000	0.021817
16.500000	130.000000	0.016701
17.187500	130.000000	0.017018
17.875000	130.000000	0.020419
18.562500	130.000000	0.023515
19.250000	130.000000	0.023952
19.937500	130.000000	0.021293
20.625000	130.000000	0.016542
21.312500	130.000000	0.011092
22.000000	130.000000	0.005910

0.687500	135.000000	0.006163
1.375000	135.000000	0.001721
2.062500	135.000000	-0.003244
2.750000	135.000000	-0.009312
3.437500	135.000000	-0.016671
4.125000	135.000000	-0.024579
4.812500	135.000000	-0.031056
5.500000	135.000000	-0.033265
6.187500	135.000000	-0.029062
6.875000	135.000000	-0.019221
7.562500	135.000000	-0.008326
8.250000	135.000000	-0.002561
8.937500	135.000000	-0.005845
9.625000	135.000000	-0.017402
10.312500	135.000000	-0.031577
11.000000	135.000000	-0.039038
11.687500	135.000000	-0.030693
12.375000	135.000000	-0.005440
13.062500	135.000000	0.025218
13.750000	135.000000	0.045268
14.437500	135.000000	0.047729
15.125000	135.000000	0.037380
15.812500	135.000000	0.023307
16.500000	135.000000	0.012414
17.187500	135.000000	0.007666
17.875000	135.000000	0.008672
18.562500	135.000000	0.012856
19.250000	135.000000	0.017011
19.937500	135.000000	0.018866
20.625000	135.000000	0.017837
21.312500	135.000000	0.014669
22.000000	135.000000	0.010516

0.687500	140.000000	0.009572
1.375000	140.000000	0.004195
2.062500	140.000000	-0.000647
2.750000	140.000000	-0.005372
3.437500	140.000000	-0.010151
4.125000	140.000000	-0.014697
4.812500	140.000000	-0.018400
5.500000	140.000000	-0.020824
6.187500	140.000000	-0.022384
6.875000	140.000000	-0.024670
7.562500	140.000000	-0.029820
8.250000	140.000000	-0.038688
8.937500	140.000000	-0.048420
9.625000	140.000000	-0.051270
10.312500	140.000000	-0.038049
11.000000	140.000000	-0.007360
11.687500	140.000000	0.028262
12.375000	140.000000	0.051169
13.062500	140.000000	0.053836
13.750000	140.000000	0.041448
14.437500	140.000000	0.023292
15.125000	140.000000	0.006258
15.812500	140.000000	-0.005800
16.500000	140.000000	-0.010646
17.187500	140.000000	-0.007379
17.875000	140.000000	0.002558
18.562500	140.000000	0.014991
19.250000	140.000000	0.024839
19.937500	140.000000	0.028953
20.625000	140.000000	0.027351
21.312500	140.000000	0.022144
22.000000	140.000000	0.015711

0.687500	145.000000	-0.008789
1.375000	145.000000	-0.015596
2.062500	145.000000	-0.019901
2.750000	145.000000	-0.020828
3.437500	145.000000	-0.017224
4.125000	145.000000	-0.009119
4.812500	145.000000	0.001114
5.500000	145.000000	0.009205
6.187500	145.000000	0.010956
6.875000	145.000000	0.004050
7.562500	145.000000	-0.011338
8.250000	145.000000	-0.032137
8.937500	145.000000	-0.050921
9.625000	145.000000	-0.055460
10.312500	145.000000	-0.035260
11.000000	145.000000	0.004965
11.687500	145.000000	0.042793
12.375000	145.000000	0.057732
13.062500	145.000000	0.047850
13.750000	145.000000	0.023676
14.437500	145.000000	-0.004374
15.125000	145.000000	-0.029238
15.812500	145.000000	-0.043844
16.500000	145.000000	-0.040108
17.187500	145.000000	-0.015411
17.875000	145.000000	0.019631
18.562500	145.000000	0.046325
19.250000	145.000000	0.053714
19.937500	145.000000	0.044817
20.625000	145.000000	0.028917
21.312500	145.000000	0.013208
22.000000	145.000000	0.000597

0.687500	150.000000	-0.022057
1.375000	150.000000	-0.036475
2.062500	150.000000	-0.050515
2.750000	150.000000	-0.057656
3.437500	150.000000	-0.049224
4.125000	150.000000	-0.022820
4.812500	150.000000	0.010540
5.500000	150.000000	0.032853
6.187500	150.000000	0.034125
6.875000	150.000000	0.017249
7.562500	150.000000	-0.008558
8.250000	150.000000	-0.032803
8.937500	150.000000	-0.043730
9.625000	150.000000	-0.031217
10.312500	150.000000	0.002963
11.000000	150.000000	0.040164
11.687500	150.000000	0.059315
12.375000	150.000000	0.054486
13.062500	150.000000	0.033279
13.750000	150.000000	0.005047
14.437500	150.000000	-0.024037
15.125000	150.000000	-0.047619
15.812500	150.000000	-0.055233
16.500000	150.000000	-0.036689
17.187500	150.000000	0.004202
17.875000	150.000000	0.045043
18.562500	150.000000	0.064019
19.250000	150.000000	0.058632
19.937500	150.000000	0.040462
20.625000	150.000000	0.020792
21.312500	150.000000	0.004448
22.000000	150.000000	-0.008986

0.687500	155.000000	-0.016002
1.375000	155.000000	-0.017372
2.062500	155.000000	-0.018641
2.750000	155.000000	-0.021802
3.437500	155.000000	-0.029208
4.125000	155.000000	-0.042849
4.812500	155.000000	-0.061859
5.500000	155.000000	-0.078258
6.187500	155.000000	-0.075406
6.875000	155.000000	-0.039114
7.562500	155.000000	0.020582
8.250000	155.000000	0.070108
8.937500	155.000000	0.086646
9.625000	155.000000	0.076229
10.312500	155.000000	0.056488
11.000000	155.000000	0.038645
11.687500	155.000000	0.024685
12.375000	155.000000	0.011672
13.062500	155.000000	-0.004105
13.750000	155.000000	-0.024233
14.437500	155.000000	-0.045638
15.125000	155.000000	-0.058550
15.812500	155.000000	-0.049491
16.500000	155.000000	-0.014067
17.187500	155.000000	0.031141
17.875000	155.000000	0.060133
18.562500	155.000000	0.062166
19.250000	155.000000	0.045801
19.937500	155.000000	0.024457
20.625000	155.000000	0.006404
21.312500	155.000000	-0.005816
22.000000	155.000000	-0.012745

0.687500	160.000000	-0.030396
1.375000	160.000000	-0.020433
2.062500	160.000000	-0.011042
2.750000	160.000000	-0.009536
3.437500	160.000000	-0.018761
4.125000	160.000000	-0.033955
4.812500	160.000000	-0.042933
5.500000	160.000000	-0.031663
6.187500	160.000000	0.002852
6.875000	160.000000	0.043909
7.562500	160.000000	0.068366
8.250000	160.000000	0.068258
8.937500	160.000000	0.052429
9.625000	160.000000	0.033219
10.312500	160.000000	0.017716
11.000000	160.000000	0.007011
11.687500	160.000000	-0.001620
12.375000	160.000000	-0.012241
13.062500	160.000000	-0.027671
13.750000	160.000000	-0.046536
14.437500	160.000000	-0.060602
15.125000	160.000000	-0.056125
15.812500	160.000000	-0.024925
16.500000	160.000000	0.021153
17.187500	160.000000	0.055754
17.875000	160.000000	0.063191
18.562500	160.000000	0.048541
19.250000	160.000000	0.024985
19.937500	160.000000	0.001839
20.625000	160.000000	-0.016938
21.312500	160.000000	-0.029550
22.000000	160.000000	-0.034299

0.687500	165.000000	-0.024842
1.375000	165.000000	-0.040117
2.062500	165.000000	-0.059650
2.750000	165.000000	-0.071202
3.437500	165.000000	-0.057355
4.125000	165.000000	-0.012881
4.812500	165.000000	0.040234
5.500000	165.000000	0.070558
6.187500	165.000000	0.068746
6.875000	165.000000	0.048241
7.562500	165.000000	0.025617
8.250000	165.000000	0.010112
8.937500	165.000000	0.004035
9.625000	165.000000	0.005330
10.312500	165.000000	0.009418
11.000000	165.000000	0.011070
11.687500	165.000000	0.006350
12.375000	165.000000	-0.006254
13.062500	165.000000	-0.025304
13.750000	165.000000	-0.045326
14.437500	165.000000	-0.055726
15.125000	165.000000	-0.044479
15.812500	165.000000	-0.010006
16.500000	165.000000	0.030556
17.187500	165.000000	0.054338
17.875000	165.000000	0.053559
18.562500	165.000000	0.036885
19.250000	165.000000	0.016635
19.937500	165.000000	0.000566
20.625000	165.000000	-0.008899
21.312500	165.000000	-0.013305
22.000000	165.000000	-0.016903

0.687500	170.000000	-0.014005
1.375000	170.000000	-0.028507
2.062500	170.000000	-0.046210
2.750000	170.000000	-0.059308
3.437500	170.000000	-0.056288
4.125000	170.000000	-0.030776
4.812500	170.000000	0.007619
5.500000	170.000000	0.037544
6.187500	170.000000	0.045363
6.875000	170.000000	0.034575
7.562500	170.000000	0.017282
8.250000	170.000000	0.003860
8.937500	170.000000	-0.000747
9.625000	170.000000	0.002909
10.312500	170.000000	0.009965
11.000000	170.000000	0.014019
11.687500	170.000000	0.010517
12.375000	170.000000	-0.001498
13.062500	170.000000	-0.019453
13.750000	170.000000	-0.037321
14.437500	170.000000	-0.045634
15.125000	170.000000	-0.035098
15.812500	170.000000	-0.005654
16.500000	170.000000	0.028439
17.187500	170.000000	0.049128
17.875000	170.000000	0.050071
18.562500	170.000000	0.037898
19.250000	170.000000	0.022619
19.937500	170.000000	0.010653
20.625000	170.000000	0.003609
21.312500	170.000000	-0.000434
22.000000	170.000000	-0.005137

0.687500	175.000000	0.003032
1.375000	175.000000	0.000381
2.062500	175.000000	-0.008359
2.750000	175.000000	-0.023215
3.437500	175.000000	-0.041939
4.125000	175.000000	-0.058445
4.812500	175.000000	-0.062368
5.500000	175.000000	-0.044473
6.187500	175.000000	-0.007873
6.875000	175.000000	0.029028
7.562500	175.000000	0.048079
8.250000	175.000000	0.046675
8.937500	175.000000	0.034274
9.625000	175.000000	0.020553
10.312500	175.000000	0.009467
11.000000	175.000000	-0.000072
11.687500	175.000000	-0.010972
12.375000	175.000000	-0.024506
13.062500	175.000000	-0.037625
13.750000	175.000000	-0.042355
14.437500	175.000000	-0.030023
15.125000	175.000000	-0.000570
15.812500	175.000000	0.032552
16.500000	175.000000	0.052336
17.187500	175.000000	0.052668
17.875000	175.000000	0.039562
18.562500	175.000000	0.022424
19.250000	175.000000	0.007879
19.937500	175.000000	-0.001064
20.625000	175.000000	-0.003971
21.312500	175.000000	-0.002273
22.000000	175.000000	0.001193

0.687500	180.000000	0.032767
1.375000	180.000000	0.039555
2.062500	180.000000	0.032133
2.750000	180.000000	0.014503
3.437500	180.000000	-0.009505
4.125000	180.000000	-0.036241
4.812500	180.000000	-0.058253
5.500000	180.000000	-0.061892
6.187500	180.000000	-0.035415
6.875000	180.000000	0.013493
7.562500	180.000000	0.056471
8.250000	180.000000	0.071426
8.937500	180.000000	0.060410
9.625000	180.000000	0.037747
10.312500	180.000000	0.013739
11.000000	180.000000	-0.009260
11.687500	180.000000	-0.032699
12.375000	180.000000	-0.055823
13.062500	180.000000	-0.070711
13.750000	180.000000	-0.063391
14.437500	180.000000	-0.027030
15.125000	180.000000	0.022557
15.812500	180.000000	0.056301
16.500000	180.000000	0.060098
17.187500	180.000000	0.041877
17.875000	180.000000	0.015810
18.562500	180.000000	-0.008978
19.250000	180.000000	-0.027996
19.937500	180.000000	-0.037324
20.625000	180.000000	-0.032754
21.312500	180.000000	-0.013783
22.000000	180.000000	0.012169

0.687500	185.000000	0.061899
1.375000	185.000000	0.059916
2.062500	185.000000	0.037118
2.750000	185.000000	0.005241
3.437500	185.000000	-0.027788
4.125000	185.000000	-0.053940
4.812500	185.000000	-0.060168
5.500000	185.000000	-0.034864
6.187500	185.000000	0.014363
6.875000	185.000000	0.058390
7.562500	185.000000	0.074045
8.250000	185.000000	0.063399
8.937500	185.000000	0.042052
9.625000	185.000000	0.022147
10.312500	185.000000	0.007536
11.000000	185.000000	-0.003727
11.687500	185.000000	-0.015912
12.375000	185.000000	-0.032528
13.062500	185.000000	-0.053232
13.750000	185.000000	-0.070716
14.437500	185.000000	-0.070860
15.125000	185.000000	-0.042842
15.812500	185.000000	0.004064
16.500000	185.000000	0.041830
17.187500	185.000000	0.050108
17.875000	185.000000	0.031207
18.562500	185.000000	-0.001080
19.250000	185.000000	-0.033296
19.937500	185.000000	-0.052377
20.625000	185.000000	-0.045299
21.312500	185.000000	-0.009767
22.000000	185.000000	0.035083

0.687500	190.000000	0.025122
1.375000	190.000000	0.007181
2.062500	190.000000	-0.012276
2.750000	190.000000	-0.033191
3.437500	190.000000	-0.049477
4.125000	190.000000	-0.049431
4.812500	190.000000	-0.024520
5.500000	190.000000	0.017137
6.187500	190.000000	0.052221
6.875000	190.000000	0.063607
7.562500	190.000000	0.053268
8.250000	190.000000	0.033386
8.937500	190.000000	0.014150
9.625000	190.000000	0.000170
10.312500	190.000000	-0.007867
11.000000	190.000000	-0.011172
11.687500	190.000000	-0.011662
12.375000	190.000000	-0.011307
13.062500	190.000000	-0.011752
13.750000	190.000000	-0.014356
14.437500	190.000000	-0.020534
15.125000	190.000000	-0.031914
15.812500	190.000000	-0.049240
16.500000	190.000000	-0.069225
17.187500	190.000000	-0.080540
17.875000	190.000000	-0.065949
18.562500	190.000000	-0.018845
19.250000	190.000000	0.039716
19.937500	190.000000	0.076840
20.625000	190.000000	0.081136
21.312500	190.000000	0.065112
22.000000	190.000000	0.044213

0.687500	195.000000	-0.003359
1.375000	195.000000	-0.021707
2.062500	195.000000	-0.043544
2.750000	195.000000	-0.064491
3.437500	195.000000	-0.071622
4.125000	195.000000	-0.050187
4.812500	195.000000	-0.002106
5.500000	195.000000	0.046107
6.187500	195.000000	0.067570
6.875000	195.000000	0.059671
7.562500	195.000000	0.036682
8.250000	195.000000	0.011496
8.937500	195.000000	-0.010610
9.625000	195.000000	-0.028755
10.312500	195.000000	-0.041857
11.000000	195.000000	-0.046455
11.687500	195.000000	-0.038661
12.375000	195.000000	-0.019473
13.062500	195.000000	0.002078
13.750000	195.000000	0.013808
14.437500	195.000000	0.009118
15.125000	195.000000	-0.009449
15.812500	195.000000	-0.031898
16.500000	195.000000	-0.043052
17.187500	195.000000	-0.028582
17.875000	195.000000	0.011058
18.562500	195.000000	0.053953
19.250000	195.000000	0.075632
19.937500	195.000000	0.071315
20.625000	195.000000	0.052568
21.312500	195.000000	0.031524
22.000000	195.000000	0.013230

0.687500	200.000000	0.009359
1.375000	200.000000	-0.005214
2.062500	200.000000	-0.026110
2.750000	200.000000	-0.048694
3.437500	200.000000	-0.062661
4.125000	200.000000	-0.054376
4.812500	200.000000	-0.019350
5.500000	200.000000	0.025747
6.187500	200.000000	0.054561
6.875000	200.000000	0.056126
7.562500	200.000000	0.039206
8.250000	200.000000	0.017811
8.937500	200.000000	0.000866
9.625000	200.000000	-0.009064
10.312500	200.000000	-0.014162
11.000000	200.000000	-0.019656
11.687500	200.000000	-0.031395
12.375000	200.000000	-0.051902
13.062500	200.000000	-0.075182
13.750000	200.000000	-0.083276
14.437500	200.000000	-0.055260
15.125000	200.000000	0.005986
15.812500	200.000000	0.063534
16.500000	200.000000	0.084180
17.187500	200.000000	0.070306
17.875000	200.000000	0.043773
18.562500	200.000000	0.021546
19.250000	200.000000	0.009942
19.937500	200.000000	0.008268
20.625000	200.000000	0.012252
21.312500	200.000000	0.016472
22.000000	200.000000	0.016366

0.687500	205.000000	0.025506
1.375000	205.000000	0.013287
2.062500	205.000000	-0.005249
2.750000	205.000000	-0.027611
3.437500	205.000000	-0.048740
4.125000	205.000000	-0.058921
4.812500	205.000000	-0.047005
5.500000	205.000000	-0.012051
6.187500	205.000000	0.028777
6.875000	205.000000	0.053204
7.562500	205.000000	0.054040
8.250000	205.000000	0.040056
8.937500	205.000000	0.023085
9.625000	205.000000	0.009706
10.312500	205.000000	0.000627
11.000000	205.000000	-0.006972
11.687500	205.000000	-0.016841
12.375000	205.000000	-0.031261
13.062500	205.000000	-0.048802
13.750000	205.000000	-0.062543
14.437500	205.000000	-0.061280
15.125000	205.000000	-0.037751
15.812500	205.000000	0.000096
16.500000	205.000000	0.031494
17.187500	205.000000	0.041756
17.875000	205.000000	0.033448
18.562500	205.000000	0.018943
19.250000	205.000000	0.009297
19.937500	205.000000	0.009259
20.625000	205.000000	0.016873
21.312500	205.000000	0.025828
22.000000	205.000000	0.029748

0.687500	210.000000	0.014255
1.375000	210.000000	0.008906
2.062500	210.000000	-0.001954
2.750000	210.000000	-0.019081
3.437500	210.000000	-0.039332
4.125000	210.000000	-0.054322
4.812500	210.000000	-0.051871
5.500000	210.000000	-0.025162
6.187500	210.000000	0.015474
6.875000	210.000000	0.047063
7.562500	210.000000	0.055092
8.250000	210.000000	0.043239
8.937500	210.000000	0.023625
9.625000	210.000000	0.005977
10.312500	210.000000	-0.005136
11.000000	210.000000	-0.009068
11.687500	210.000000	-0.007909
12.375000	210.000000	-0.005682
13.062500	210.000000	-0.007068
13.750000	210.000000	-0.015730
14.437500	210.000000	-0.032693
15.125000	210.000000	-0.054392
15.812500	210.000000	-0.070312
16.500000	210.000000	-0.064545
17.187500	210.000000	-0.028604
17.875000	210.000000	0.022520
18.562500	210.000000	0.059141
19.250000	210.000000	0.066549
19.937500	210.000000	0.053591
20.625000	210.000000	0.036145
21.312500	210.000000	0.023700
22.000000	210.000000	0.017584

0.687500	215.000000	0.000193
1.375000	215.000000	-0.004449
2.062500	215.000000	-0.012293
2.750000	215.000000	-0.024982
3.437500	215.000000	-0.040285
4.125000	215.000000	-0.050988
4.812500	215.000000	-0.046903
5.500000	215.000000	-0.022917
6.187500	215.000000	0.012047
6.875000	215.000000	0.039171
7.562500	215.000000	0.046222
8.250000	215.000000	0.035525
8.937500	215.000000	0.017009
9.625000	215.000000	-0.000301
10.312500	215.000000	-0.010967
11.000000	215.000000	-0.012934
11.687500	215.000000	-0.007691
12.375000	215.000000	-0.000202
13.062500	215.000000	0.003109
13.750000	215.000000	-0.002317
14.437500	215.000000	-0.016800
15.125000	215.000000	-0.035496
15.812500	215.000000	-0.048161
16.500000	215.000000	-0.042155
17.187500	215.000000	-0.012664
17.875000	215.000000	0.027343
18.562500	215.000000	0.055329
19.250000	215.000000	0.060015
19.937500	215.000000	0.047349
20.625000	215.000000	0.029392
21.312500	215.000000	0.014506
22.000000	215.000000	0.005295

0.687500	220.000000	0.001058
1.375000	220.000000	0.001174
2.062500	220.000000	-0.003064
2.750000	220.000000	-0.013082
3.437500	220.000000	-0.028160
4.125000	220.000000	-0.044472
4.812500	220.000000	-0.054345
5.500000	220.000000	-0.048521
6.187500	220.000000	-0.023880
6.875000	220.000000	0.009456
7.562500	220.000000	0.034005
8.250000	220.000000	0.040081
8.937500	220.000000	0.031309
9.625000	220.000000	0.017175
10.312500	220.000000	0.004921
11.000000	220.000000	-0.003170
11.687500	220.000000	-0.008892
12.375000	220.000000	-0.015795
13.062500	220.000000	-0.026105
13.750000	220.000000	-0.037719
14.437500	220.000000	-0.042915
15.125000	220.000000	-0.031873
15.812500	220.000000	-0.002317
16.500000	220.000000	0.033426
17.187500	220.000000	0.056917
17.875000	220.000000	0.059866
18.562500	220.000000	0.047573
19.250000	220.000000	0.029987
19.937500	220.000000	0.014381
20.625000	220.000000	0.004055
21.312500	220.000000	-0.000485
22.000000	220.000000	-0.000589

0.687500	225.000000	0.012029
1.375000	225.000000	0.026852
2.062500	225.000000	0.030501
2.750000	225.000000	0.022871
3.437500	225.000000	0.006537
4.125000	225.000000	-0.015833
4.812500	225.000000	-0.040617
5.500000	225.000000	-0.059685
6.187500	225.000000	-0.059407
6.875000	225.000000	-0.030092
7.562500	225.000000	0.017978
8.250000	225.000000	0.057108
8.937500	225.000000	0.068613
9.625000	225.000000	0.056282
10.312500	225.000000	0.033479
11.000000	225.000000	0.008900
11.687500	225.000000	-0.015759
12.375000	225.000000	-0.040859
13.062500	225.000000	-0.062452
13.750000	225.000000	-0.068806
14.437500	225.000000	-0.046924
15.125000	225.000000	-0.000131
15.812500	225.000000	0.045566
16.500000	225.000000	0.065014
17.187500	225.000000	0.056234
17.875000	225.000000	0.032901
18.562500	225.000000	0.007596
19.250000	225.000000	-0.013540
19.937500	225.000000	-0.027765
20.625000	225.000000	-0.032510
21.312500	225.000000	-0.025609
22.000000	225.000000	-0.008473

0.687500	230.000000	0.018627
1.375000	230.000000	0.054258
2.062500	230.000000	0.059099
2.750000	230.000000	0.038365
3.437500	230.000000	0.005484
4.125000	230.000000	-0.028783
4.812500	230.000000	-0.053962
5.500000	230.000000	-0.055841
6.187500	230.000000	-0.024973
6.875000	230.000000	0.025998
7.562500	230.000000	0.066112
8.250000	230.000000	0.076164
8.937500	230.000000	0.062219
9.625000	230.000000	0.040117
10.312500	230.000000	0.020090
11.000000	230.000000	0.004004
11.687500	230.000000	-0.011256
12.375000	230.000000	-0.029689
13.062500	230.000000	-0.052069
13.750000	230.000000	-0.071776
14.437500	230.000000	-0.073732
15.125000	230.000000	-0.044556
15.812500	230.000000	0.007572
16.500000	230.000000	0.051843
17.187500	230.000000	0.064842
17.875000	230.000000	0.049118
18.562500	230.000000	0.019379
19.250000	230.000000	-0.013699
19.937500	230.000000	-0.044461
20.625000	230.000000	-0.065154
21.312500	230.000000	-0.062973
22.000000	230.000000	-0.030369

0.687500	235.000000	-0.064944
1.375000	235.000000	-0.059217
2.062500	235.000000	-0.043185
2.750000	235.000000	-0.020015
3.437500	235.000000	0.005529
4.125000	235.000000	0.029178
4.812500	235.000000	0.047663
5.500000	235.000000	0.058461
6.187500	235.000000	0.060417
6.875000	235.000000	0.054594
7.562500	235.000000	0.043965
8.250000	235.000000	0.032095
8.937500	235.000000	0.021869
9.625000	235.000000	0.014722
10.312500	235.000000	0.010316
11.000000	235.000000	0.006633
11.687500	235.000000	0.000616
12.375000	235.000000	-0.010663
13.062500	235.000000	-0.028371
13.750000	235.000000	-0.049628
14.437500	235.000000	-0.065018
15.125000	235.000000	-0.060120
15.812500	235.000000	-0.027303
16.500000	235.000000	0.019693
17.187500	235.000000	0.053248
17.875000	235.000000	0.058439
18.562500	235.000000	0.041665
19.250000	235.000000	0.016439
19.937500	235.000000	-0.008508
20.625000	235.000000	-0.030219
21.312500	235.000000	-0.047957
22.000000	235.000000	-0.060391

0.687500	240.000000	-0.031506
1.375000	240.000000	-0.052980
2.062500	240.000000	-0.071708
2.750000	240.000000	-0.073535
3.437500	240.000000	-0.046827
4.125000	240.000000	0.000268
4.812500	240.000000	0.039916
5.500000	240.000000	0.051397
6.187500	240.000000	0.037965
6.875000	240.000000	0.015767
7.562500	240.000000	-0.001011
8.250000	240.000000	-0.005048
8.937500	240.000000	0.003736
9.625000	240.000000	0.018890
10.312500	240.000000	0.031250
11.000000	240.000000	0.034611
11.687500	240.000000	0.028064
12.375000	240.000000	0.013708
13.062500	240.000000	-0.006322
13.750000	240.000000	-0.030072
14.437500	240.000000	-0.052896
15.125000	240.000000	-0.064322
15.812500	240.000000	-0.051245
16.500000	240.000000	-0.011840
17.187500	240.000000	0.034190
17.875000	240.000000	0.061062
18.562500	240.000000	0.061187
19.250000	240.000000	0.045276
19.937500	240.000000	0.026462
20.625000	240.000000	0.011073
21.312500	240.000000	-0.001256
22.000000	240.000000	-0.014255

0.687500	245.000000	-0.011040
1.375000	245.000000	-0.009325
2.062500	245.000000	-0.011031
2.750000	245.000000	-0.019799
3.437500	245.000000	-0.037196
4.125000	245.000000	-0.060394
4.812500	245.000000	-0.078765
5.500000	245.000000	-0.074254
6.187500	245.000000	-0.035236
6.875000	245.000000	0.022887
7.562500	245.000000	0.065549
8.250000	245.000000	0.074929
8.937500	245.000000	0.061284
9.625000	245.000000	0.042789
10.312500	245.000000	0.029602
11.000000	245.000000	0.022512
11.687500	245.000000	0.017384
12.375000	245.000000	0.009343
13.062500	245.000000	-0.004723
13.750000	245.000000	-0.024853
14.437500	245.000000	-0.046513
15.125000	245.000000	-0.059104
15.812500	245.000000	-0.049242
16.500000	245.000000	-0.013551
17.187500	245.000000	0.030580
17.875000	245.000000	0.057683
18.562500	245.000000	0.058149
19.250000	245.000000	0.040981
19.937500	245.000000	0.019504
20.625000	245.000000	0.002080
21.312500	245.000000	-0.008306
22.000000	245.000000	-0.011925

0.687500	250.000000	-0.015143
1.375000	250.000000	-0.004217
2.062500	250.000000	0.002053
2.750000	250.000000	-0.001824
3.437500	250.000000	-0.016107
4.125000	250.000000	-0.034965
4.812500	250.000000	-0.046859
5.500000	250.000000	-0.038547
6.187500	250.000000	-0.006411
6.875000	250.000000	0.034303
7.562500	250.000000	0.060484
8.250000	250.000000	0.062597
8.937500	250.000000	0.048274
9.625000	250.000000	0.029808
10.312500	250.000000	0.014841
11.000000	250.000000	0.005042
11.687500	250.000000	-0.001899
12.375000	250.000000	-0.009861
13.062500	250.000000	-0.021878
13.750000	250.000000	-0.037676
14.437500	250.000000	-0.051557
15.125000	250.000000	-0.052751
15.812500	250.000000	-0.032338
16.500000	250.000000	0.004935
17.187500	250.000000	0.039387
17.875000	250.000000	0.053465
18.562500	250.000000	0.045759
19.250000	250.000000	0.026034
19.937500	250.000000	0.004317
20.625000	250.000000	-0.013182
21.312500	250.000000	-0.022923
22.000000	250.000000	-0.023163

0.687500	255.000000	-0.028395
1.375000	255.000000	-0.039049
2.062500	255.000000	-0.051445
2.750000	255.000000	-0.056885
3.437500	255.000000	-0.043152
4.125000	255.000000	-0.006795
4.812500	255.000000	0.036838
5.500000	255.000000	0.064707
6.187500	255.000000	0.067614
6.875000	255.000000	0.053413
7.562500	255.000000	0.034451
8.250000	255.000000	0.018756
8.937500	255.000000	0.009259
9.625000	255.000000	0.005690
10.312500	255.000000	0.005921
11.000000	255.000000	0.006763
11.687500	255.000000	0.004836
12.375000	255.000000	-0.002468
13.062500	255.000000	-0.016132
13.750000	255.000000	-0.034465
14.437500	255.000000	-0.051522
15.125000	255.000000	-0.056689
15.812500	255.000000	-0.040102
16.500000	255.000000	-0.004284
17.187500	255.000000	0.032085
17.875000	255.000000	0.049763
18.562500	255.000000	0.045295
19.250000	255.000000	0.028220
19.937500	255.000000	0.009318
20.625000	255.000000	-0.005420
21.312500	255.000000	-0.014869
22.000000	255.000000	-0.021256

0.687500	260.000000	-0.027364
1.375000	260.000000	-0.047839
2.062500	260.000000	-0.065303
2.750000	260.000000	-0.066791
3.437500	260.000000	-0.041322
4.125000	260.000000	0.003984
4.812500	260.000000	0.043187
5.500000	260.000000	0.055786
6.187500	260.000000	0.043194
6.875000	260.000000	0.019240
7.562500	260.000000	-0.003556
8.250000	260.000000	-0.017560
8.937500	260.000000	-0.018829
9.625000	260.000000	-0.007663
10.312500	260.000000	0.010035
11.000000	260.000000	0.025007
11.687500	260.000000	0.030254
12.375000	260.000000	0.024218
13.062500	260.000000	0.009054
13.750000	260.000000	-0.012275
14.437500	260.000000	-0.036092
15.125000	260.000000	-0.055258
15.812500	260.000000	-0.057862
16.500000	260.000000	-0.034319
17.187500	260.000000	0.008684
17.875000	260.000000	0.047463
18.562500	260.000000	0.062883
19.250000	260.000000	0.055701
19.937500	260.000000	0.038164
20.625000	260.000000	0.020233
21.312500	260.000000	0.004873
22.000000	260.000000	-0.009927

0.687500	265.000000	-0.012241
1.375000	265.000000	-0.018708
2.062500	265.000000	-0.028527
2.750000	265.000000	-0.041605
3.437500	265.000000	-0.055332
4.125000	265.000000	-0.064465
4.812500	265.000000	-0.062748
5.500000	265.000000	-0.047259
6.187500	265.000000	-0.022516
6.875000	265.000000	0.001774
7.562500	265.000000	0.018842
8.250000	265.000000	0.029312
8.937500	265.000000	0.037377
9.625000	265.000000	0.044815
10.312500	265.000000	0.049521
11.000000	265.000000	0.048383
11.687500	265.000000	0.040089
12.375000	265.000000	0.025209
13.062500	265.000000	0.004838
13.750000	265.000000	-0.019556
14.437500	265.000000	-0.043864
15.125000	265.000000	-0.058249
15.812500	265.000000	-0.049275
16.500000	265.000000	-0.012867
17.187500	265.000000	0.033425
17.875000	265.000000	0.062714
18.562500	265.000000	0.064407
19.250000	265.000000	0.047821
19.937500	265.000000	0.026905
20.625000	265.000000	0.009975
21.312500	265.000000	-0.000898
22.000000	265.000000	-0.007294

0.687500	270.000000	-0.024448
1.375000	270.000000	-0.010682
2.062500	270.000000	0.003118
2.750000	270.000000	0.008734
3.437500	270.000000	0.001460
4.125000	270.000000	-0.017809
4.812500	270.000000	-0.042278
5.500000	270.000000	-0.058453
6.187500	270.000000	-0.049387
6.875000	270.000000	-0.009546
7.562500	270.000000	0.041018
8.250000	270.000000	0.071830
8.937500	270.000000	0.072131
9.625000	270.000000	0.053502
10.312500	270.000000	0.031182
11.000000	270.000000	0.012734
11.687500	270.000000	-0.001849
12.375000	270.000000	-0.016158
13.062500	270.000000	-0.033149
13.750000	270.000000	-0.051131
14.437500	270.000000	-0.061105
15.125000	270.000000	-0.049953
15.812500	270.000000	-0.013535
16.500000	270.000000	0.031704
17.187500	270.000000	0.060360
17.875000	270.000000	0.062048
18.562500	270.000000	0.044945
19.250000	270.000000	0.021666
19.937500	270.000000	-0.000093
20.625000	270.000000	-0.017326
21.312500	270.000000	-0.028371
22.000000	270.000000	-0.031159

0.687500	275.000000	-0.040228
1.375000	275.000000	-0.048319
2.062500	275.000000	-0.058990
2.750000	275.000000	-0.065267
3.437500	275.000000	-0.054214
4.125000	275.000000	-0.018100
4.812500	275.000000	0.031252
5.500000	275.000000	0.068301
6.187500	275.000000	0.078472
6.875000	275.000000	0.067568
7.562500	275.000000	0.049189
8.250000	275.000000	0.032894
8.937500	275.000000	0.022089
9.625000	275.000000	0.016222
10.312500	275.000000	0.012791
11.000000	275.000000	0.008492
11.687500	275.000000	0.000090
12.375000	275.000000	-0.014596
13.062500	275.000000	-0.035117
13.750000	275.000000	-0.055857
14.437500	275.000000	-0.064332
15.125000	275.000000	-0.046752
15.812500	275.000000	-0.003829
16.500000	275.000000	0.041317
17.187500	275.000000	0.063210
17.875000	275.000000	0.057349
18.562500	275.000000	0.036109
19.250000	275.000000	0.012455
19.937500	275.000000	-0.007056
20.625000	275.000000	-0.020797
21.312500	275.000000	-0.029437
22.000000	275.000000	-0.034912

0.687500	280.000000	-0.021035
1.375000	280.000000	-0.038678
2.062500	280.000000	-0.057453
2.750000	280.000000	-0.065488
3.437500	280.000000	-0.049626
4.125000	280.000000	-0.009976
4.812500	280.000000	0.032539
5.500000	280.000000	0.053942
6.187500	280.000000	0.049306
6.875000	280.000000	0.030568
7.562500	280.000000	0.011791
8.250000	280.000000	0.001410
8.937500	280.000000	0.001522
9.625000	280.000000	0.008864
10.312500	280.000000	0.016886
11.000000	280.000000	0.019302
11.687500	280.000000	0.012970
12.375000	280.000000	-0.001788
13.062500	280.000000	-0.022074
13.750000	280.000000	-0.042135
14.437500	280.000000	-0.052433
15.125000	280.000000	-0.042688
15.812500	280.000000	-0.011806
16.500000	280.000000	0.025249
17.187500	280.000000	0.048259
17.875000	280.000000	0.049679
18.562500	280.000000	0.036712
19.250000	280.000000	0.020474
19.937500	280.000000	0.008000
20.625000	280.000000	0.000827
21.312500	280.000000	-0.003558
22.000000	280.000000	-0.009561

0.687500	285.000000	-0.005571
1.375000	285.000000	-0.011818
2.062500	285.000000	-0.023749
2.750000	285.000000	-0.040296
3.437500	285.000000	-0.056462
4.125000	285.000000	-0.062842
4.812500	285.000000	-0.049771
5.500000	285.000000	-0.017381
6.187500	285.000000	0.019202
6.875000	285.000000	0.041632
7.562500	285.000000	0.044539
8.250000	285.000000	0.035842
8.937500	285.000000	0.025944
9.625000	285.000000	0.020278
10.312500	285.000000	0.018441
11.000000	285.000000	0.016678
11.687500	285.000000	0.010951
12.375000	285.000000	-0.000948
13.062500	285.000000	-0.018422
13.750000	285.000000	-0.037219
14.437500	285.000000	-0.048654
15.125000	285.000000	-0.042134
15.812500	285.000000	-0.014288
16.500000	285.000000	0.022682
17.187500	285.000000	0.048573
17.875000	285.000000	0.053193
18.562500	285.000000	0.041580
19.250000	285.000000	0.024544
19.937500	285.000000	0.010050
20.625000	285.000000	0.001244
21.312500	285.000000	-0.002365
22.000000	285.000000	-0.003455

0.687500	290.000000	0.005809
1.375000	290.000000	0.013788
2.062500	290.000000	0.013069
2.750000	290.000000	0.002174
3.437500	290.000000	-0.017370
4.125000	290.000000	-0.040893
4.812500	290.000000	-0.058743
5.500000	290.000000	-0.056802
6.187500	290.000000	-0.026643
6.875000	290.000000	0.019890
7.562500	290.000000	0.055817
8.250000	290.000000	0.064920
8.937500	290.000000	0.052638
9.625000	290.000000	0.032923
10.312500	290.000000	0.015053
11.000000	290.000000	0.000996
11.687500	290.000000	-0.011690
12.375000	290.000000	-0.026052
13.062500	290.000000	-0.042142
13.750000	290.000000	-0.054318
14.437500	290.000000	-0.051985
15.125000	290.000000	-0.027731
15.812500	290.000000	0.011062
16.500000	290.000000	0.043743
17.187500	290.000000	0.054794
17.875000	290.000000	0.045242
18.562500	290.000000	0.025574
19.250000	290.000000	0.005344
19.937500	290.000000	-0.009882
20.625000	290.000000	-0.017162
21.312500	290.000000	-0.015360
22.000000	290.000000	-0.006062

0.687500	295.000000	0.008532
1.375000	295.000000	0.024373
2.062500	295.000000	0.022937
2.750000	295.000000	0.006111
3.437500	295.000000	-0.017493
4.125000	295.000000	-0.035794
4.812500	295.000000	-0.035629
5.500000	295.000000	-0.010695
6.187500	295.000000	0.028262
6.875000	295.000000	0.058668
7.562500	295.000000	0.066588
8.250000	295.000000	0.055740
8.937500	295.000000	0.037754
9.625000	295.000000	0.021365
10.312500	295.000000	0.009472
11.000000	295.000000	0.000649
11.687500	295.000000	-0.008593
12.375000	295.000000	-0.021668
13.062500	295.000000	-0.039615
13.750000	295.000000	-0.058473
14.437500	295.000000	-0.067656
15.125000	295.000000	-0.054311
15.812500	295.000000	-0.016854
16.500000	295.000000	0.025901
17.187500	295.000000	0.049413
17.875000	295.000000	0.045807
18.562500	295.000000	0.024237
19.250000	295.000000	-0.002753
19.937500	295.000000	-0.026051
20.625000	295.000000	-0.038710
21.312500	295.000000	-0.035304
22.000000	295.000000	-0.016210

0.687500	300.000000	-0.061948
1.375000	300.000000	-0.070885
2.062500	300.000000	-0.050262
2.750000	300.000000	-0.000196
3.437500	300.000000	0.052670
4.125000	300.000000	0.078793
4.812500	300.000000	0.073953
5.500000	300.000000	0.053353
6.187500	300.000000	0.031776
6.875000	300.000000	0.015924
7.562500	300.000000	0.006753
8.250000	300.000000	0.003043
8.937500	300.000000	0.003201
9.625000	300.000000	0.005662
10.312500	300.000000	0.008797
11.000000	300.000000	0.010904
11.687500	300.000000	0.010414
12.375000	300.000000	0.006095
13.062500	300.000000	-0.002885
13.750000	300.000000	-0.016852
14.437500	300.000000	-0.034933
15.125000	300.000000	-0.053424
15.812500	300.000000	-0.064207
16.500000	300.000000	-0.056937
17.187500	300.000000	-0.028203
17.875000	300.000000	0.009885
18.562500	300.000000	0.037051
19.250000	300.000000	0.042729
19.937500	300.000000	0.030995
20.625000	300.000000	0.010652
21.312500	300.000000	-0.013171
22.000000	300.000000	-0.038746

0.687500	305.000000	-0.051442
1.375000	305.000000	-0.059750
2.062500	305.000000	-0.039295
2.750000	305.000000	0.004027
3.437500	305.000000	0.044832
4.125000	305.000000	0.060595
4.812500	305.000000	0.050125
5.500000	305.000000	0.025641
6.187500	305.000000	-0.001846
6.875000	305.000000	-0.026292
7.562500	305.000000	-0.042761
8.250000	305.000000	-0.044607
8.937500	305.000000	-0.027061
9.625000	305.000000	0.004867
10.312500	305.000000	0.035743
11.000000	305.000000	0.051691
11.687500	305.000000	0.050697
12.375000	305.000000	0.039576
13.062500	305.000000	0.025325
13.750000	305.000000	0.010686
14.437500	305.000000	-0.005314
15.125000	305.000000	-0.024598
15.812500	305.000000	-0.046494
16.500000	305.000000	-0.064180
17.187500	305.000000	-0.064478
17.875000	305.000000	-0.037341
18.562500	305.000000	0.008295
19.250000	305.000000	0.045709
19.937500	305.000000	0.055253
20.625000	305.000000	0.038694
21.312500	305.000000	0.008421
22.000000	305.000000	-0.024718

0.687500	310.000000	-0.025513
1.375000	310.000000	-0.024582
2.062500	310.000000	-0.000831
2.750000	310.000000	0.033424
3.437500	310.000000	0.057355
4.125000	310.000000	0.059558
4.812500	310.000000	0.043277
5.500000	310.000000	0.017043
6.187500	310.000000	-0.012901
6.875000	310.000000	-0.041483
7.562500	310.000000	-0.059548
8.250000	310.000000	-0.053527
8.937500	310.000000	-0.017702
9.625000	310.000000	0.031164
10.312500	310.000000	0.064139
11.000000	310.000000	0.068148
11.687500	310.000000	0.052186
12.375000	310.000000	0.031154
13.062500	310.000000	0.013938
13.750000	310.000000	0.002287
14.437500	310.000000	-0.006269
15.125000	310.000000	-0.015571
15.812500	310.000000	-0.028519
16.500000	310.000000	-0.044968
17.187500	310.000000	-0.059929
17.875000	310.000000	-0.063762
18.562500	310.000000	-0.048034
19.250000	310.000000	-0.016172
19.937500	310.000000	0.014083
20.625000	310.000000	0.025160
21.312500	310.000000	0.014267
22.000000	310.000000	-0.007871

0.687500	315.000000	0.079350
1.375000	315.000000	0.083452
2.062500	315.000000	0.062922
2.750000	315.000000	0.037621
3.437500	315.000000	0.017690
4.125000	315.000000	0.003520
4.812500	315.000000	-0.009117
5.500000	315.000000	-0.024372
6.187500	315.000000	-0.042377
6.875000	315.000000	-0.056359
7.562500	315.000000	-0.053663
8.250000	315.000000	-0.025694
8.937500	315.000000	0.018080
9.625000	315.000000	0.053174
10.312500	315.000000	0.063064
11.000000	315.000000	0.050984
11.687500	315.000000	0.029464
12.375000	315.000000	0.008199
13.062500	315.000000	-0.008544
13.750000	315.000000	-0.019407
14.437500	315.000000	-0.023688
15.125000	315.000000	-0.021134
15.812500	315.000000	-0.013240
16.500000	315.000000	-0.004249
17.187500	315.000000	-0.000146
17.875000	315.000000	-0.006093
18.562500	315.000000	-0.023937
19.250000	315.000000	-0.049885
19.937500	315.000000	-0.071249
20.625000	315.000000	-0.067112
21.312500	315.000000	-0.024608
22.000000	315.000000	0.037356

0.687500	320.000000	0.046268
1.375000	320.000000	0.030517
2.062500	320.000000	0.019165
2.750000	320.000000	0.011899
3.437500	320.000000	0.006090
4.125000	320.000000	-0.001872
4.812500	320.000000	-0.015103
5.500000	320.000000	-0.034240
6.187500	320.000000	-0.054744
6.875000	320.000000	-0.064889
7.562500	320.000000	-0.050296
8.250000	320.000000	-0.009159
8.937500	320.000000	0.037424
9.625000	320.000000	0.062718
10.312500	320.000000	0.059513
11.000000	320.000000	0.039047
11.687500	320.000000	0.014577
12.375000	320.000000	-0.006823
13.062500	320.000000	-0.022991
13.750000	320.000000	-0.033478
14.437500	320.000000	-0.038254
15.125000	320.000000	-0.038386
15.812500	320.000000	-0.036889
16.500000	320.000000	-0.037532
17.187500	320.000000	-0.041209
17.875000	320.000000	-0.042569
18.562500	320.000000	-0.031550
19.250000	320.000000	-0.002566
19.937500	320.000000	0.035604
20.625000	320.000000	0.064380
21.312500	320.000000	0.072394
22.000000	320.000000	0.062954

0.687500	325.000000	-0.001161
1.375000	325.000000	-0.000993
2.062500	325.000000	0.006471
2.750000	325.000000	0.014782
3.437500	325.000000	0.017675
4.125000	325.000000	0.011851
4.812500	325.000000	-0.002581
5.500000	325.000000	-0.022826
6.187500	325.000000	-0.043038
6.875000	325.000000	-0.053359
7.562500	325.000000	-0.043129
8.250000	325.000000	-0.011291
8.937500	325.000000	0.026539
9.625000	325.000000	0.049553
10.312500	325.000000	0.050319
11.000000	325.000000	0.036533
11.687500	325.000000	0.019638
12.375000	325.000000	0.006748
13.062500	325.000000	-0.000681
13.750000	325.000000	-0.005371
14.437500	325.000000	-0.012036
15.125000	325.000000	-0.024721
15.812500	325.000000	-0.043764
16.500000	325.000000	-0.062698
17.187500	325.000000	-0.067451
17.875000	325.000000	-0.044443
18.562500	325.000000	0.001952
19.250000	325.000000	0.045280
19.937500	325.000000	0.061841
20.625000	325.000000	0.051544
21.312500	325.000000	0.029405
22.000000	325.000000	0.009411

0.687500	330.000000	0.020746
1.375000	330.000000	0.015327
2.062500	330.000000	0.016061
2.750000	330.000000	0.019559
3.437500	330.000000	0.020543
4.125000	330.000000	0.015084
4.812500	330.000000	0.002062
5.500000	330.000000	-0.016813
6.187500	330.000000	-0.036647
6.875000	330.000000	-0.048491
7.562500	330.000000	-0.041716
8.250000	330.000000	-0.013228
8.937500	330.000000	0.024220
9.625000	330.000000	0.050115
10.312500	330.000000	0.054510
11.000000	330.000000	0.042857
11.687500	330.000000	0.026108
12.375000	330.000000	0.012021
13.062500	330.000000	0.003273
13.750000	330.000000	-0.001181
14.437500	330.000000	-0.004373
15.125000	330.000000	-0.009751
15.812500	330.000000	-0.019761
16.500000	330.000000	-0.034597
17.187500	330.000000	-0.050919
17.875000	330.000000	-0.061051
18.562500	330.000000	-0.055345
19.250000	330.000000	-0.030255
19.937500	330.000000	0.004079
20.625000	330.000000	0.029780
21.312500	330.000000	0.037159
22.000000	330.000000	0.030623

0.687500	335.000000	0.066575
1.375000	335.000000	0.057010
2.062500	335.000000	0.037123
2.750000	335.000000	0.017827
3.437500	335.000000	0.002054
4.125000	335.000000	-0.012273
4.812500	335.000000	-0.027786
5.500000	335.000000	-0.043616
6.187500	335.000000	-0.052928
6.875000	335.000000	-0.045173
7.562500	335.000000	-0.015964
8.250000	335.000000	0.023070
8.937500	335.000000	0.050965
9.625000	335.000000	0.056340
10.312500	335.000000	0.043684
11.000000	335.000000	0.023786
11.687500	335.000000	0.004893
12.375000	335.000000	-0.008766
13.062500	335.000000	-0.015255
13.750000	335.000000	-0.014051
14.437500	335.000000	-0.006622
15.125000	335.000000	0.003104
15.812500	335.000000	0.009917
16.500000	335.000000	0.009575
17.187500	335.000000	0.000163
17.875000	335.000000	-0.017877
18.562500	335.000000	-0.041261
19.250000	335.000000	-0.061638
19.937500	335.000000	-0.064717
20.625000	335.000000	-0.038663
21.312500	335.000000	0.009158
22.000000	335.000000	0.051346

0.687500	340.000000	0.067039
1.375000	340.000000	0.049564
2.062500	340.000000	0.029811
2.750000	340.000000	0.013312
3.437500	340.000000	-0.000510
4.125000	340.000000	-0.015151
4.812500	340.000000	-0.033625
5.500000	340.000000	-0.054864
6.187500	340.000000	-0.070369
6.875000	340.000000	-0.065395
7.562500	340.000000	-0.031333
8.250000	340.000000	0.018071
8.937500	340.000000	0.053681
9.625000	340.000000	0.059314
10.312500	340.000000	0.041365
11.000000	340.000000	0.013777
11.687500	340.000000	-0.014061
12.375000	340.000000	-0.037015
13.062500	340.000000	-0.049478
13.750000	340.000000	-0.044677
14.437500	340.000000	-0.021115
15.125000	340.000000	0.010566
15.812500	340.000000	0.032687
16.500000	340.000000	0.034545
17.187500	340.000000	0.017849
17.875000	340.000000	-0.008933
18.562500	340.000000	-0.035181
19.250000	340.000000	-0.047758
19.937500	340.000000	-0.034197
20.625000	340.000000	0.004625
21.312500	340.000000	0.047436
22.000000	340.000000	0.070019

0.687500	345.000000	0.014079
1.375000	345.000000	0.012883
2.062500	345.000000	0.013156
2.750000	345.000000	0.013015
3.437500	345.000000	0.010522
4.125000	345.000000	0.003758
4.812500	345.000000	-0.008775
5.500000	345.000000	-0.027219
6.187500	345.000000	-0.048436
6.875000	345.000000	-0.063651
7.562500	345.000000	-0.059688
8.250000	345.000000	-0.029496
8.937500	345.000000	0.014657
9.625000	345.000000	0.047380
10.312500	345.000000	0.054193
11.000000	345.000000	0.040565
11.687500	345.000000	0.019583
12.375000	345.000000	0.000060
13.062500	345.000000	-0.015973
13.750000	345.000000	-0.031032
14.437500	345.000000	-0.048724
15.125000	345.000000	-0.069141
15.812500	345.000000	-0.083612
16.500000	345.000000	-0.074674
17.187500	345.000000	-0.031127
17.875000	345.000000	0.030301
18.562500	345.000000	0.074027
19.250000	345.000000	0.082695
19.937500	345.000000	0.067245
20.625000	345.000000	0.045843
21.312500	345.000000	0.028873
22.000000	345.000000	0.018712

0.687500	350.000000	-0.004332
1.375000	350.000000	0.010646
2.062500	350.000000	0.029533
2.750000	350.000000	0.041875
3.437500	350.000000	0.042796
4.125000	350.000000	0.033739
4.812500	350.000000	0.018168
5.500000	350.000000	-0.001943
6.187500	350.000000	-0.025878
6.875000	350.000000	-0.050728
7.562500	350.000000	-0.067057
8.250000	350.000000	-0.059891
8.937500	350.000000	-0.022243
9.625000	350.000000	0.028981
10.312500	350.000000	0.063641
11.000000	350.000000	0.068171
11.687500	350.000000	0.052046
12.375000	350.000000	0.030421
13.062500	350.000000	0.011589
13.750000	350.000000	-0.003805
14.437500	350.000000	-0.018980
15.125000	350.000000	-0.037066
15.812500	350.000000	-0.057466
16.500000	350.000000	-0.072911
17.187500	350.000000	-0.070504
17.875000	350.000000	-0.042141
18.562500	350.000000	0.001313
19.250000	350.000000	0.034355
19.937500	350.000000	0.041071
20.625000	350.000000	0.026595
21.312500	350.000000	0.006306
22.000000	350.000000	-0.006298

0.687500	355.000000	0.079103
1.375000	355.000000	0.060647
2.062500	355.000000	0.038494
2.750000	355.000000	0.023621
3.437500	355.000000	0.016777
4.125000	355.000000	0.013267
4.812500	355.000000	0.007310
5.500000	355.000000	-0.005013
6.187500	355.000000	-0.024134
6.875000	355.000000	-0.045545
7.562500	355.000000	-0.058503
8.250000	355.000000	-0.049315
8.937500	355.000000	-0.014062
9.625000	355.000000	0.030226
10.312500	355.000000	0.057786
11.000000	355.000000	0.058403
11.687500	355.000000	0.040775
12.375000	355.000000	0.018266
13.062500	355.000000	-0.000507
13.750000	355.000000	-0.012025
14.437500	355.000000	-0.015791
15.125000	355.000000	-0.013501
15.812500	355.000000	-0.009068
16.500000	355.000000	-0.007878
17.187500	355.000000	-0.014943
17.875000	355.000000	-0.032642
18.562500	355.000000	-0.058014
19.250000	355.000000	-0.079052
19.937500	355.000000	-0.075069
20.625000	355.000000	-0.032725
21.312500	355.000000	0.029846
22.000000	355.000000	0.073265

0.687500	360.000000	0.056089
1.375000	360.000000	0.039512
2.062500	360.000000	0.022862
2.750000	360.000000	0.010928
3.437500	360.000000	0.003640
4.125000	360.000000	-0.001988
4.812500	360.000000	-0.009781
5.500000	360.000000	-0.022216
6.187500	360.000000	-0.038173
6.875000	360.000000	-0.051112
7.562500	360.000000	-0.050052
8.250000	360.000000	-0.027294
8.937500	360.000000	0.010326
9.625000	360.000000	0.042590
10.312500	360.000000	0.053772
11.000000	360.000000	0.044331
11.687500	360.000000	0.024377
12.375000	360.000000	0.003351
13.062500	360.000000	-0.013228
13.750000	360.000000	-0.022478
14.437500	360.000000	-0.023312
15.125000	360.000000	-0.017335
15.812500	360.000000	-0.009542
16.500000	360.000000	-0.006468
17.187500	360.000000	-0.012377
17.875000	360.000000	-0.026162
18.562500	360.000000	-0.040252
19.250000	360.000000	-0.042284
19.937500	360.000000	-0.022596
20.625000	360.000000	0.014148
21.312500	360.000000	0.048245
22.000000	360.000000	0.062477

0.687500	365.000000	0.012739
1.375000	365.000000	0.004614
2.062500	365.000000	0.003118
2.750000	365.000000	0.005259
3.437500	365.000000	0.006974
4.125000	365.000000	0.004477
4.812500	365.000000	-0.004523
5.500000	365.000000	-0.020012
6.187500	365.000000	-0.038680
6.875000	365.000000	-0.052650
7.562500	365.000000	-0.050695
8.250000	365.000000	-0.026325
8.937500	365.000000	0.011590
9.625000	365.000000	0.042180
10.312500	365.000000	0.051287
11.000000	365.000000	0.041326
11.687500	365.000000	0.023295
12.375000	365.000000	0.006444
13.062500	365.000000	-0.005139
13.750000	365.000000	-0.011807
14.437500	365.000000	-0.016856
15.125000	365.000000	-0.024620
15.812500	365.000000	-0.037621
16.500000	365.000000	-0.053092
17.187500	365.000000	-0.060760
17.875000	365.000000	-0.046883
18.562500	365.000000	-0.008169
19.250000	365.000000	0.037494
19.937500	365.000000	0.064850
20.625000	365.000000	0.065286
21.312500	365.000000	0.048590
22.000000	365.000000	0.028309

0.687500	370.000000	-0.011447
1.375000	370.000000	-0.014266
2.062500	370.000000	-0.006199
2.750000	370.000000	0.007495
3.437500	370.000000	0.018770
4.125000	370.000000	0.021298
4.812500	370.000000	0.013222
5.500000	370.000000	-0.003639
6.187500	370.000000	-0.025272
6.875000	370.000000	-0.044904
7.562500	370.000000	-0.052037
8.250000	370.000000	-0.036814
8.937500	370.000000	-0.001221
9.625000	370.000000	0.036432
10.312500	370.000000	0.056445
11.000000	370.000000	0.054703
11.687500	370.000000	0.040508
12.375000	370.000000	0.024398
13.062500	370.000000	0.011467
13.750000	370.000000	0.001417
14.437500	370.000000	-0.008952
15.125000	370.000000	-0.022930
15.812500	370.000000	-0.041060
16.500000	370.000000	-0.058372
17.187500	370.000000	-0.063586
17.875000	370.000000	-0.045333
18.562500	370.000000	-0.005997
19.250000	370.000000	0.033404
19.937500	370.000000	0.051323
20.625000	370.000000	0.044465
21.312500	370.000000	0.024035
22.000000	370.000000	0.002644

0.687500	375.000000	0.023479
1.375000	375.000000	0.021049
2.062500	375.000000	0.021814
2.750000	375.000000	0.024851
3.437500	375.000000	0.025588
4.125000	375.000000	0.019723
4.812500	375.000000	0.005832
5.500000	375.000000	-0.013917
6.187500	375.000000	-0.033332
6.875000	375.000000	-0.042049
7.562500	375.000000	-0.029811
8.250000	375.000000	0.002896
8.937500	375.000000	0.039398
9.625000	375.000000	0.059826
10.312500	375.000000	0.058386
11.000000	375.000000	0.043201
11.687500	375.000000	0.025066
12.375000	375.000000	0.010581
13.062500	375.000000	0.001739
13.750000	375.000000	-0.002435
14.437500	375.000000	-0.004480
15.125000	375.000000	-0.007402
15.812500	375.000000	-0.013684
16.500000	375.000000	-0.024492
17.187500	375.000000	-0.039000
17.875000	375.000000	-0.053617
18.562500	375.000000	-0.061719
19.250000	375.000000	-0.056024
19.937500	375.000000	-0.034785
20.625000	375.000000	-0.006470
21.312500	375.000000	0.015508
22.000000	375.000000	0.024280

0.687500	380.000000	0.050552
1.375000	380.000000	0.071409
2.062500	380.000000	0.061252
2.750000	380.000000	0.034449
3.437500	380.000000	0.003207
4.125000	380.000000	-0.027299
4.812500	380.000000	-0.052849
5.500000	380.000000	-0.063763
6.187500	380.000000	-0.047646
6.875000	380.000000	-0.004750
7.562500	380.000000	0.042298
8.250000	380.000000	0.066995
8.937500	380.000000	0.063466
9.625000	380.000000	0.043722
10.312500	380.000000	0.020897
11.000000	380.000000	0.001443
11.687500	380.000000	-0.013300
12.375000	380.000000	-0.023465
13.062500	380.000000	-0.028389
13.750000	380.000000	-0.026450
14.437500	380.000000	-0.016833
15.125000	380.000000	-0.001793
15.812500	380.000000	0.013132
16.500000	380.000000	0.021914
17.187500	380.000000	0.021112
17.875000	380.000000	0.010330
18.562500	380.000000	-0.009225
19.250000	380.000000	-0.034866
19.937500	380.000000	-0.059596
20.625000	380.000000	-0.069156
21.312500	380.000000	-0.048078
22.000000	380.000000	0.001281

0.687500	385.000000	0.075549
1.375000	385.000000	0.068516
2.062500	385.000000	0.045880
2.750000	385.000000	0.019361
3.437500	385.000000	-0.007284
4.125000	385.000000	-0.034515
4.812500	385.000000	-0.060108
5.500000	385.000000	-0.073627
6.187500	385.000000	-0.059447
6.875000	385.000000	-0.014178
7.562500	385.000000	0.038914
8.250000	385.000000	0.068677
8.937500	385.000000	0.066712
9.625000	385.000000	0.046278
10.312500	385.000000	0.021995
11.000000	385.000000	-0.000231
11.687500	385.000000	-0.021340
12.375000	385.000000	-0.043443
13.062500	385.000000	-0.064119
13.750000	385.000000	-0.072983
14.437500	385.000000	-0.056394
15.125000	385.000000	-0.013601
15.812500	385.000000	0.033015
16.500000	385.000000	0.056221
17.187500	385.000000	0.048779
17.875000	385.000000	0.021305
18.562500	385.000000	-0.013072
19.250000	385.000000	-0.043269
19.937500	385.000000	-0.056038
20.625000	385.000000	-0.038371
21.312500	385.000000	0.006960
22.000000	385.000000	0.053861

0.687500	390.000000	0.028111
1.375000	390.000000	0.023272
2.062500	390.000000	0.018002
2.750000	390.000000	0.009370
3.437500	390.000000	-0.004810
4.125000	390.000000	-0.025393
4.812500	390.000000	-0.049753
5.500000	390.000000	-0.068359
6.187500	390.000000	-0.065142
6.875000	390.000000	-0.030125
7.562500	390.000000	0.022359
8.250000	390.000000	0.060599
8.937500	390.000000	0.067226
9.625000	390.000000	0.050230
10.312500	390.000000	0.025926
11.000000	390.000000	0.004816
11.687500	390.000000	-0.009826
12.375000	390.000000	-0.018685
13.062500	390.000000	-0.024183
13.750000	390.000000	-0.029737
14.437500	390.000000	-0.039353
15.125000	390.000000	-0.055957
15.812500	390.000000	-0.077493
16.500000	390.000000	-0.091575
17.187500	390.000000	-0.076855
17.875000	390.000000	-0.023120
18.562500	390.000000	0.045009
19.250000	390.000000	0.087043
19.937500	390.000000	0.090191
20.625000	390.000000	0.071506
21.312500	390.000000	0.050591
22.000000	390.000000	0.036115

0.687500	395.000000	0.006912
1.375000	395.000000	0.010286
2.062500	395.000000	0.014290
2.750000	395.000000	0.013675
3.437500	395.000000	0.005584
4.125000	395.000000	-0.009854
4.812500	395.000000	-0.029568
5.500000	395.000000	-0.046856
6.187500	395.000000	-0.051486
6.875000	395.000000	-0.035072
7.562500	395.000000	-0.001383
8.250000	395.000000	0.031677
8.937500	395.000000	0.046970
9.625000	395.000000	0.042144
10.312500	395.000000	0.026465
11.000000	395.000000	0.010264
11.687500	395.000000	-0.000583
12.375000	395.000000	-0.005094
13.062500	395.000000	-0.006075
13.750000	395.000000	-0.008372
14.437500	395.000000	-0.016396
15.125000	395.000000	-0.031436
15.812500	395.000000	-0.049334
16.500000	395.000000	-0.059404
17.187500	395.000000	-0.048544
17.875000	395.000000	-0.013792
18.562500	395.000000	0.028163
19.250000	395.000000	0.053605
19.937500	395.000000	0.054046
20.625000	395.000000	0.038652
21.312500	395.000000	0.020937
22.000000	395.000000	0.009577

0.687500	400.000000	0.009577
1.375000	400.000000	0.009458
2.062500	400.000000	0.012557
2.750000	400.000000	0.014095
3.437500	400.000000	0.010326
4.125000	400.000000	-0.000236
4.812500	400.000000	-0.016679
5.500000	400.000000	-0.035362
6.187500	400.000000	-0.048974
6.875000	400.000000	-0.047582
7.562500	400.000000	-0.025562
8.250000	400.000000	0.009310
8.937500	400.000000	0.038533
9.625000	400.000000	0.048937
10.312500	400.000000	0.041966
11.000000	400.000000	0.027331
11.687500	400.000000	0.013578
12.375000	400.000000	0.004414
13.062500	400.000000	-0.000721
13.750000	400.000000	-0.004914
14.437500	400.000000	-0.011842
15.125000	400.000000	-0.023822
15.812500	400.000000	-0.039932
16.500000	400.000000	-0.054360
17.187500	400.000000	-0.056729
17.875000	400.000000	-0.038287
18.562500	400.000000	-0.002865
19.250000	400.000000	0.031318
19.937500	400.000000	0.047274
20.625000	400.000000	0.043344
21.312500	400.000000	0.029493
22.000000	400.000000	0.016354

0.687500	405.000000	0.025347
1.375000	405.000000	0.015373
2.062500	405.000000	0.011287
2.750000	405.000000	0.010426
3.437500	405.000000	0.008288
4.125000	405.000000	0.001106
4.812500	405.000000	-0.012433
5.500000	405.000000	-0.030162
6.187500	405.000000	-0.045504
6.875000	405.000000	-0.048083
7.562500	405.000000	-0.029828
8.250000	405.000000	0.004701
8.937500	405.000000	0.037348
9.625000	405.000000	0.051772
10.312500	405.000000	0.046503
11.000000	405.000000	0.030903
11.687500	405.000000	0.014826
12.375000	405.000000	0.003730
13.062500	405.000000	-0.001257
13.750000	405.000000	-0.002067
14.437500	405.000000	-0.002376
15.125000	405.000000	-0.006093
15.812500	405.000000	-0.015830
16.500000	405.000000	-0.031595
17.187500	405.000000	-0.049406
17.875000	405.000000	-0.060233
18.562500	405.000000	-0.052689
19.250000	405.000000	-0.022922
19.937500	405.000000	0.016290
20.625000	405.000000	0.043786
21.312500	405.000000	0.049435
22.000000	405.000000	0.039358

0.687500	410.000000	0.046273
1.375000	410.000000	0.028909
2.062500	410.000000	0.014055
2.750000	410.000000	0.003586
3.437500	410.000000	-0.004784
4.125000	410.000000	-0.014608
4.812500	410.000000	-0.027913
5.500000	410.000000	-0.042698
6.187500	410.000000	-0.051584
6.875000	410.000000	-0.044434
7.562500	410.000000	-0.017373
8.250000	410.000000	0.018714
8.937500	410.000000	0.044547
9.625000	410.000000	0.049510
10.312500	410.000000	0.037596
11.000000	410.000000	0.019099
11.687500	410.000000	0.002501
12.375000	410.000000	-0.007469
13.062500	410.000000	-0.009179
13.750000	410.000000	-0.003939
14.437500	410.000000	0.004091
15.125000	410.000000	0.009388
15.812500	410.000000	0.007552
16.500000	410.000000	-0.003098
17.187500	410.000000	-0.021241
17.875000	410.000000	-0.042050
18.562500	410.000000	-0.055936
19.250000	410.000000	-0.050442
19.937500	410.000000	-0.020311
20.625000	410.000000	0.021553
21.312500	410.000000	0.051706
22.000000	410.000000	0.057979

0.687500	415.000000	0.039635
1.375000	415.000000	0.022683
2.062500	415.000000	0.010042
2.750000	415.000000	0.001817
3.437500	415.000000	-0.004640
4.125000	415.000000	-0.012828
4.812500	415.000000	-0.025300
5.500000	415.000000	-0.041749
6.187500	415.000000	-0.057111
6.875000	415.000000	-0.061372
7.562500	415.000000	-0.045120
8.250000	415.000000	-0.010775
8.937500	415.000000	0.023842
9.625000	415.000000	0.040163
10.312500	415.000000	0.034541
11.000000	415.000000	0.016254
11.687500	415.000000	-0.002952
12.375000	415.000000	-0.014444
13.062500	415.000000	-0.013972
13.750000	415.000000	-0.002935
14.437500	415.000000	0.011419
15.125000	415.000000	0.019832
15.812500	415.000000	0.016654
16.500000	415.000000	0.002099
17.187500	415.000000	-0.018918
17.875000	415.000000	-0.037673
18.562500	415.000000	-0.042370
19.250000	415.000000	-0.024058
19.937500	415.000000	0.012344
20.625000	415.000000	0.046914
21.312500	415.000000	0.061908
22.000000	415.000000	0.056073

0.687500	420.000000	0.000632
1.375000	420.000000	-0.005076
2.062500	420.000000	-0.006467
2.750000	420.000000	-0.004506
3.437500	420.000000	-0.000875
4.125000	420.000000	0.002287
4.812500	420.000000	0.002979
5.500000	420.000000	-0.000201
6.187500	420.000000	-0.008025
6.875000	420.000000	-0.020777
7.562500	420.000000	-0.037818
8.250000	420.000000	-0.056047
8.937500	420.000000	-0.067949
9.625000	420.000000	-0.062785
10.312500	420.000000	-0.035099
11.000000	420.000000	0.005026
11.687500	420.000000	0.036597
12.375000	420.000000	0.046364
13.062500	420.000000	0.036931
13.750000	420.000000	0.017811
14.437500	420.000000	-0.003853
15.125000	420.000000	-0.024017
15.812500	420.000000	-0.037678
16.500000	420.000000	-0.036878
17.187500	420.000000	-0.015861
17.875000	420.000000	0.019397
18.562500	420.000000	0.051207
19.250000	420.000000	0.064807
19.937500	420.000000	0.059398
20.625000	420.000000	0.043566
21.312500	420.000000	0.025881
22.000000	420.000000	0.011028

0.687500	425.000000	-0.034749
1.375000	425.000000	-0.043139
2.062500	425.000000	-0.041759
2.750000	425.000000	-0.026263
3.437500	425.000000	0.000226
4.125000	425.000000	0.026480
4.812500	425.000000	0.041387
5.500000	425.000000	0.042002
6.187500	425.000000	0.032683
6.875000	425.000000	0.019153
7.562500	425.000000	0.004728
8.250000	425.000000	-0.009845
8.937500	425.000000	-0.024846
9.625000	425.000000	-0.039947
10.312500	425.000000	-0.053156
11.000000	425.000000	-0.060842
11.687500	425.000000	-0.059385
12.375000	425.000000	-0.047967
13.062500	425.000000	-0.029853
13.750000	425.000000	-0.009869
14.437500	425.000000	0.009467
15.125000	425.000000	0.028132
15.812500	425.000000	0.045199
16.500000	425.000000	0.057184
17.187500	425.000000	0.060602
17.875000	425.000000	0.055109
18.562500	425.000000	0.043524
19.250000	425.000000	0.029527
19.937500	425.000000	0.015670
20.625000	425.000000	0.002749
21.312500	425.000000	-0.009737
22.000000	425.000000	-0.022465

0.687500	430.000000	-0.026725
1.375000	430.000000	-0.044935
2.062500	430.000000	-0.052821
2.750000	430.000000	-0.039998
3.437500	430.000000	-0.006984
4.125000	430.000000	0.029481
4.812500	430.000000	0.049671
5.500000	430.000000	0.048168
6.187500	430.000000	0.033594
6.875000	430.000000	0.017299
7.562500	430.000000	0.006214
8.250000	430.000000	0.001824
8.937500	430.000000	0.001371
9.625000	430.000000	-0.000208
10.312500	430.000000	-0.007785
11.000000	430.000000	-0.023556
11.687500	430.000000	-0.044816
12.375000	430.000000	-0.061912
13.062500	430.000000	-0.059638
13.750000	430.000000	-0.028663
14.437500	430.000000	0.018725
15.125000	430.000000	0.054235
15.812500	430.000000	0.061207
16.500000	430.000000	0.045913
17.187500	430.000000	0.023793
17.875000	430.000000	0.006274
18.562500	430.000000	-0.001966
19.250000	430.000000	-0.001541
19.937500	430.000000	0.003210
20.625000	430.000000	0.006325
21.312500	430.000000	0.002952
22.000000	430.000000	-0.008705

0.687500	435.000000	-0.021677
1.375000	435.000000	-0.036981
2.062500	435.000000	-0.044296
2.750000	435.000000	-0.034381
3.437500	435.000000	-0.006453
4.125000	435.000000	0.026639
4.812500	435.000000	0.047663
5.500000	435.000000	0.049807
6.187500	435.000000	0.038824
6.875000	435.000000	0.024322
7.562500	435.000000	0.012841
8.250000	435.000000	0.006336
8.937500	435.000000	0.003252
9.625000	435.000000	0.000190
10.312500	435.000000	-0.006317
11.000000	435.000000	-0.018161
11.687500	435.000000	-0.034205
12.375000	435.000000	-0.049000
13.062500	435.000000	-0.052982
13.750000	435.000000	-0.037678
14.437500	435.000000	-0.005576
15.125000	435.000000	0.027100
15.812500	435.000000	0.043544
16.500000	435.000000	0.040335
17.187500	435.000000	0.025768
17.875000	435.000000	0.010091
18.562500	435.000000	-0.000196
19.250000	435.000000	-0.003198
19.937500	435.000000	-0.000940
20.625000	435.000000	0.001995
21.312500	435.000000	0.000750
22.000000	435.000000	-0.007415

0.687500	440.000000	-0.042613
1.375000	440.000000	-0.046851
2.062500	440.000000	-0.032937
2.750000	440.000000	-0.001175
3.437500	440.000000	0.033610
4.125000	440.000000	0.053508
4.812500	440.000000	0.052913
5.500000	440.000000	0.038904
6.187500	440.000000	0.021545
6.875000	440.000000	0.007614
7.562500	440.000000	-0.000041
8.250000	440.000000	-0.001436
8.937500	440.000000	0.001303
9.625000	440.000000	0.004681
10.312500	440.000000	0.005055
11.000000	440.000000	-0.000133
11.687500	440.000000	-0.011706
12.375000	440.000000	-0.028389
13.062500	440.000000	-0.045902
13.750000	440.000000	-0.056012
14.437500	440.000000	-0.048903
15.125000	440.000000	-0.021689
15.812500	440.000000	0.014087
16.500000	440.000000	0.039652
17.187500	440.000000	0.045568
17.875000	440.000000	0.036548
18.562500	440.000000	0.022578
19.250000	440.000000	0.010456
19.937500	440.000000	0.001628
20.625000	440.000000	-0.006185
21.312500	440.000000	-0.016184
22.000000	440.000000	-0.029494

0.687500	445.000000	-0.065955
1.375000	445.000000	-0.065295
2.062500	445.000000	-0.038117
2.750000	445.000000	0.007040
3.437500	445.000000	0.044550
4.125000	445.000000	0.055643
4.812500	445.000000	0.042587
5.500000	445.000000	0.018497
6.187500	445.000000	-0.005409
6.875000	445.000000	-0.022313
7.562500	445.000000	-0.027596
8.250000	445.000000	-0.019043
8.937500	445.000000	0.000132
9.625000	445.000000	0.020700
10.312500	445.000000	0.032803
11.000000	445.000000	0.032048
11.687500	445.000000	0.019827
12.375000	445.000000	-0.000440
13.062500	445.000000	-0.025253
13.750000	445.000000	-0.048971
14.437500	445.000000	-0.060620
15.125000	445.000000	-0.047043
15.812500	445.000000	-0.006967
16.500000	445.000000	0.039102
17.187500	445.000000	0.065213
17.875000	445.000000	0.064204
18.562500	445.000000	0.046922
19.250000	445.000000	0.026018
19.937500	445.000000	0.007123
20.625000	445.000000	-0.010385
21.312500	445.000000	-0.029239
22.000000	445.000000	-0.049763

0.687500	450.000000	-0.033891
1.375000	450.000000	-0.049694
2.062500	450.000000	-0.062738
2.750000	450.000000	-0.064816
3.437500	450.000000	-0.050441
4.125000	450.000000	-0.024370
4.812500	450.000000	-0.000937
5.500000	450.000000	0.008307
6.187500	450.000000	0.004770
6.875000	450.000000	0.000011
7.562500	450.000000	0.005422
8.250000	450.000000	0.023031
8.937500	450.000000	0.043651
9.625000	450.000000	0.055003
10.312500	450.000000	0.051546
11.000000	450.000000	0.035601
11.687500	450.000000	0.011963
12.375000	450.000000	-0.015438
13.062500	450.000000	-0.041689
13.750000	450.000000	-0.056950
14.437500	450.000000	-0.047943
15.125000	450.000000	-0.010955
15.812500	450.000000	0.035803
16.500000	450.000000	0.065028
17.187500	450.000000	0.066351
17.875000	450.000000	0.049516
18.562500	450.000000	0.028650
19.250000	450.000000	0.011972
19.937500	450.000000	0.001257
20.625000	450.000000	-0.005502
21.312500	450.000000	-0.011773
22.000000	450.000000	-0.020744

0.687500	455.000000	0.002541
1.375000	455.000000	0.010178
2.062500	455.000000	0.006089
2.750000	455.000000	-0.010725
3.437500	455.000000	-0.036257
4.125000	455.000000	-0.059865
4.812500	455.000000	-0.063675
5.500000	455.000000	-0.033124
6.187500	455.000000	0.021867
6.875000	455.000000	0.067410
7.562500	455.000000	0.079936
8.250000	455.000000	0.065005
8.937500	455.000000	0.040383
9.625000	455.000000	0.017633
10.312500	455.000000	-0.001131
11.000000	455.000000	-0.018827
11.687500	455.000000	-0.038019
12.375000	455.000000	-0.056059
13.062500	455.000000	-0.062636
13.750000	455.000000	-0.045033
14.437500	455.000000	-0.003292
15.125000	455.000000	0.041456
15.812500	455.000000	0.064720
16.500000	455.000000	0.061090
17.187500	455.000000	0.041659
17.875000	455.000000	0.018717
18.562500	455.000000	-0.001427
19.250000	455.000000	-0.016889
19.937500	455.000000	-0.026799
20.625000	455.000000	-0.029596
21.312500	455.000000	-0.023961
22.000000	455.000000	-0.011369

0.687500	460.000000	-0.055261
1.375000	460.000000	-0.056529
2.062500	460.000000	-0.046709
2.750000	460.000000	-0.018834
3.437500	460.000000	0.022272
4.125000	460.000000	0.059048
4.812500	460.000000	0.076278
5.500000	460.000000	0.073182
6.187500	460.000000	0.058970
6.875000	460.000000	0.042885
7.562500	460.000000	0.029826
8.250000	460.000000	0.020814
8.937500	460.000000	0.014460
9.625000	460.000000	0.008018
10.312500	460.000000	-0.001723
11.000000	460.000000	-0.017280
11.687500	460.000000	-0.038527
12.375000	460.000000	-0.059741
13.062500	460.000000	-0.067720
13.750000	460.000000	-0.048034
14.437500	460.000000	-0.002272
15.125000	460.000000	0.044318
15.812500	460.000000	0.065513
16.500000	460.000000	0.058092
17.187500	460.000000	0.035680
17.875000	460.000000	0.011337
18.562500	460.000000	-0.008986
19.250000	460.000000	-0.024228
19.937500	460.000000	-0.034976
20.625000	460.000000	-0.042085
21.312500	460.000000	-0.046825
22.000000	460.000000	-0.050964

0.687500	465.000000	-0.060924
1.375000	465.000000	-0.067014
2.062500	465.000000	-0.046921
2.750000	465.000000	-0.003385
3.437500	465.000000	0.039363
4.125000	465.000000	0.057604
4.812500	465.000000	0.049467
5.500000	465.000000	0.028913
6.187500	465.000000	0.010122
6.875000	465.000000	0.000861
7.562500	465.000000	0.002452
8.250000	465.000000	0.010919
8.937500	465.000000	0.019325
9.625000	465.000000	0.021517
10.312500	465.000000	0.014778
11.000000	465.000000	-0.000320
11.687500	465.000000	-0.021082
12.375000	465.000000	-0.042335
13.062500	465.000000	-0.054970
13.750000	465.000000	-0.048019
14.437500	465.000000	-0.018358
15.125000	465.000000	0.020412
15.812500	465.000000	0.046757
16.500000	465.000000	0.050711
17.187500	465.000000	0.038556
17.875000	465.000000	0.021970
18.562500	465.000000	0.008786
19.250000	465.000000	0.000944
19.937500	465.000000	-0.004058
20.625000	465.000000	-0.010811
21.312500	465.000000	-0.023293
22.000000	465.000000	-0.041967

0.687500	470.000000	-0.027764
1.375000	470.000000	-0.044190
2.062500	470.000000	-0.059473
2.750000	470.000000	-0.063858
3.437500	470.000000	-0.048167
4.125000	470.000000	-0.014149
4.812500	470.000000	0.021880
5.500000	470.000000	0.042465
6.187500	470.000000	0.044152
6.875000	470.000000	0.035808
7.562500	470.000000	0.027530
8.250000	470.000000	0.023909
8.937500	470.000000	0.023801
9.625000	470.000000	0.023187
10.312500	470.000000	0.018254
11.000000	470.000000	0.007029
11.687500	470.000000	-0.010376
12.375000	470.000000	-0.031387
13.062500	470.000000	-0.049481
13.750000	470.000000	-0.053770
14.437500	470.000000	-0.034968
15.125000	470.000000	0.002642
15.812500	470.000000	0.038932
16.500000	470.000000	0.055262
17.187500	470.000000	0.049918
17.875000	470.000000	0.033418
18.562500	470.000000	0.016439
19.250000	470.000000	0.004399
19.937500	470.000000	-0.002061
20.625000	470.000000	-0.005223
21.312500	470.000000	-0.008615
22.000000	470.000000	-0.015544

0.687500	475.000000	0.005998
1.375000	475.000000	-0.002461
2.062500	475.000000	-0.020114
2.750000	475.000000	-0.042444
3.437500	475.000000	-0.059262
4.125000	475.000000	-0.056043
4.812500	475.000000	-0.024796
5.500000	475.000000	0.021690
6.187500	475.000000	0.056375
6.875000	475.000000	0.064098
7.562500	475.000000	0.051253
8.250000	475.000000	0.032170
8.937500	475.000000	0.016370
9.625000	475.000000	0.006093
10.312500	475.000000	-0.001203
11.000000	475.000000	-0.009669
11.687500	475.000000	-0.022160
12.375000	475.000000	-0.037736
13.062500	475.000000	-0.049961
13.750000	475.000000	-0.048238
14.437500	475.000000	-0.025585
15.125000	475.000000	0.010829
15.812500	475.000000	0.041508
16.500000	475.000000	0.051786
17.187500	475.000000	0.042520
17.875000	475.000000	0.023726
18.562500	475.000000	0.004874
19.250000	475.000000	-0.008370
19.937500	475.000000	-0.013425
20.625000	475.000000	-0.010381
21.312500	475.000000	-0.002389
22.000000	475.000000	0.004952

0.687500	480.000000	0.005061
1.375000	480.000000	-0.005249
2.062500	480.000000	-0.021811
2.750000	480.000000	-0.034656
3.437500	480.000000	-0.031873
4.125000	480.000000	-0.007983
4.812500	480.000000	0.027363
5.500000	480.000000	0.054594
6.187500	480.000000	0.061684
6.875000	480.000000	0.051748
7.562500	480.000000	0.035033
8.250000	480.000000	0.019688
8.937500	480.000000	0.008939
9.625000	480.000000	0.002081
10.312500	480.000000	-0.003817
11.000000	480.000000	-0.012225
11.687500	480.000000	-0.025394
12.375000	480.000000	-0.042366
13.062500	480.000000	-0.057045
13.750000	480.000000	-0.058511
14.437500	480.000000	-0.037971
15.125000	480.000000	-0.000599
15.812500	480.000000	0.033495
16.500000	480.000000	0.046757
17.187500	480.000000	0.038125
17.875000	480.000000	0.017848
18.562500	480.000000	-0.003346
19.250000	480.000000	-0.018308
19.937500	480.000000	-0.023076
20.625000	480.000000	-0.017262
21.312500	480.000000	-0.005367
22.000000	480.000000	0.004444

0.687500	485.000000	-0.062615
1.375000	485.000000	-0.039346
2.062500	485.000000	0.007738
2.750000	485.000000	0.053217
3.437500	485.000000	0.073051
4.125000	485.000000	0.065812
4.812500	485.000000	0.045232
5.500000	485.000000	0.023984
6.187500	485.000000	0.008064
6.875000	485.000000	-0.001112
7.562500	485.000000	-0.004016
8.250000	485.000000	-0.001933
8.937500	485.000000	0.003089
9.625000	485.000000	0.008388
10.312500	485.000000	0.011328
11.000000	485.000000	0.010020
11.687500	485.000000	0.003524
12.375000	485.000000	-0.008367
13.062500	485.000000	-0.025080
13.750000	485.000000	-0.044160
14.437500	485.000000	-0.059354
15.125000	485.000000	-0.060547
15.812500	485.000000	-0.040018
16.500000	485.000000	-0.003156
17.187500	485.000000	0.031081
17.875000	485.000000	0.046394
18.562500	485.000000	0.041663
19.250000	485.000000	0.025503
19.937500	485.000000	0.005361
20.625000	485.000000	-0.016337
21.312500	485.000000	-0.039048
22.000000	485.000000	-0.058360

0.687500	490.000000	-0.069337
1.375000	490.000000	-0.043449
2.062500	490.000000	0.005545
2.750000	490.000000	0.048901
3.437500	490.000000	0.063480
4.125000	490.000000	0.050512
4.812500	490.000000	0.024109
5.500000	490.000000	-0.004674
6.187500	490.000000	-0.030547
6.875000	490.000000	-0.048787
7.562500	490.000000	-0.051624
8.250000	490.000000	-0.032424
8.937500	490.000000	0.003975
9.625000	490.000000	0.039353
10.312500	490.000000	0.056861
11.000000	490.000000	0.054183
11.687500	490.000000	0.039418
12.375000	490.000000	0.020284
13.062500	490.000000	-0.000617
13.750000	490.000000	-0.023881
14.437500	490.000000	-0.048435
15.125000	490.000000	-0.066450
15.812500	490.000000	-0.063135
16.500000	490.000000	-0.028926
17.187500	490.000000	0.022650
17.875000	490.000000	0.060828
18.562500	490.000000	0.067787
19.250000	490.000000	0.049759
19.937500	490.000000	0.020827
20.625000	490.000000	-0.010560
21.312500	490.000000	-0.040958
22.000000	490.000000	-0.064670

0.687500	495.000000	-0.073122
1.375000	495.000000	-0.076221
2.062500	495.000000	-0.048531
2.750000	495.000000	0.002098
3.437500	495.000000	0.045196
4.125000	495.000000	0.056617
4.812500	495.000000	0.037702
5.500000	495.000000	0.003238
6.187500	495.000000	-0.032693
6.875000	495.000000	-0.056389
7.562500	495.000000	-0.052233
8.250000	495.000000	-0.014175
8.937500	495.000000	0.038410
9.625000	495.000000	0.073037
10.312500	495.000000	0.075999
11.000000	495.000000	0.057786
11.687500	495.000000	0.033692
12.375000	495.000000	0.010984
13.062500	495.000000	-0.010912
13.750000	495.000000	-0.034921
14.437500	495.000000	-0.059952
15.125000	495.000000	-0.075543
15.812500	495.000000	-0.064052
16.500000	495.000000	-0.018497
17.187500	495.000000	0.038888
17.875000	495.000000	0.073382
18.562500	495.000000	0.073203
19.250000	495.000000	0.051639
19.937500	495.000000	0.024663
20.625000	495.000000	-0.001091
21.312500	495.000000	-0.026258
22.000000	495.000000	-0.051942

0.687500	500.000000	-0.021056
1.375000	500.000000	-0.024242
2.062500	500.000000	-0.033586
2.750000	500.000000	-0.052540
3.437500	500.000000	-0.078116
4.125000	500.000000	-0.094933
4.812500	500.000000	-0.077908
5.500000	500.000000	-0.017593
6.187500	500.000000	0.053955
6.875000	500.000000	0.091781
7.562500	500.000000	0.087313
8.250000	500.000000	0.063033
8.937500	500.000000	0.040238
9.625000	500.000000	0.026944
10.312500	500.000000	0.021805
11.000000	500.000000	0.019879
11.687500	500.000000	0.016159
12.375000	500.000000	0.007075
13.062500	500.000000	-0.009157
13.750000	500.000000	-0.031863
14.437500	500.000000	-0.055591
15.125000	500.000000	-0.067552
15.812500	500.000000	-0.052085
16.500000	500.000000	-0.007611
17.187500	500.000000	0.041955
17.875000	500.000000	0.067510
18.562500	500.000000	0.062653
19.250000	500.000000	0.040857
19.937500	500.000000	0.016837
20.625000	500.000000	-0.001856
21.312500	500.000000	-0.013416
22.000000	500.000000	-0.018888

