0.687500	0.000000	0.004931
1.375000	0.000000	0.060471
2.062500	0.000000	0.081142
2.750000	0.000000	0.067898
3.437500	0.000000	0.039236
4.125000	0.000000	0.007981
4.812500	0.000000	-0.023163
5.500000	0.000000	-0.054018
6.187500	0.000000	-0.077468
6.875000	0.000000	-0.076141
7.562500	0.000000	-0.036498
8.250000	0.000000	0.025902
8.937500	0.000000	0.071872
9.625000	0.000000	0.079654
10.312500	0.000000	0.059183
11.000000	0.000000	0.028813
11.687500	0.000000	-0.002377
12.375000	0.000000	-0.033608
13.062500	0.000000	-0.063344
13.750000	0.000000	-0.080780
14.437500	0.000000	-0.067195
15.125000	0.000000	-0.016430
15.812500	0.000000	0.044858
16.500000	0.000000	0.078717
17.187500	0.000000	0.074974
17.875000	0.000000	0.049468
18.562500	0.000000	0.018374
19.250000	0.000000	-0.012747
19.937500	0.000000	-0.043974
20.625000	0.000000	-0.071394
21.312500	0.000000	-0.080552
22.000000	0.000000	-0.053785

0.687500	5.000000	0.004931
1.375000	5.000000	0.060471
2.062500	5.000000	0.081142
2.750000	5.000000	0.067898
3.437500	5.000000	0.039236
4.125000	5.000000	0.007981
4.812500	5.000000	-0.023163
5.500000	5.000000	-0.054018
6.187500	5.000000	-0.077468
6.875000	5.000000	-0.076141
7.562500	5.000000	-0.036498
8.250000	5.000000	0.025902
8.937500	5.000000	0.071872
9.625000	5.000000	0.079654
10.312500	5.000000	0.059183
11.000000	5.000000	0.028813
11.687500	5.000000	-0.002377
12.375000	5.000000	-0.033608
13.062500	5.000000	-0.063344
13.750000	5.000000	-0.080780
14.437500	5.000000	-0.067195
15.125000	5.000000	-0.016430
15.812500	5.000000	0.044858
16.500000	5.000000	0.078717
17.187500	5.000000	0.074974
17.875000	5.000000	0.049468
18.562500	5.000000	0.018374
19.250000	5.000000	-0.012747
19.937500	5.000000	-0.043974
20.625000	5.000000	-0.071394
21.312500	5.000000	-0.080552
22.000000	5.000000	-0.053785

0.687500	10.000000	0.004931
1.375000	10.000000	0.060471
2.062500	10.000000	0.081142
2.750000	10.000000	0.067898
3.437500	10.000000	0.039236
4.125000	10.000000	0.007981
4.812500	10.000000	-0.023163
5.500000	10.000000	-0.054018
6.187500	10.000000	-0.077468
6.875000	10.000000	-0.076141
7.562500	10.000000	-0.036498
8.250000	10.000000	0.025902
8.937500	10.000000	0.071872
9.625000	10.000000	0.079654
10.312500	10.000000	0.059183
11.000000	10.000000	0.028813
11.687500	10.000000	-0.002377
12.375000	10.000000	-0.033608
13.062500	10.000000	-0.063344
13.750000	10.000000	-0.080780
14.437500	10.000000	-0.067195
15.125000	10.000000	-0.016430
15.812500	10.000000	0.044858
16.500000	10.000000	0.078717
17.187500	10.000000	0.074974
17.875000	10.000000	0.049468
18.562500	10.000000	0.018374
19.250000	10.000000	-0.012747
19.937500	10.000000	-0.043974
20.625000	10.000000	-0.071394
21.312500	10.000000	-0.080552
22.000000	10.000000	-0.053785

0.687500	15.000000	0.004931
1.375000	15.000000	0.060471
2.062500	15.000000	0.081142
2.750000	15.000000	0.067898
3.437500	15.000000	0.039236
4.125000	15.000000	0.007981
4.812500	15.000000	-0.023163
5.500000	15.000000	-0.054018
6.187500	15.000000	-0.077468
6.875000	15.000000	-0.076141
7.562500	15.000000	-0.036498
8.250000	15.000000	0.025902
8.937500	15.000000	0.071872
9.625000	15.000000	0.079654
10.312500	15.000000	0.059183
11.000000	15.000000	0.028813
11.687500	15.000000	-0.002377
12.375000	15.000000	-0.033608
13.062500	15.000000	-0.063344
13.750000	15.000000	-0.080780
14.437500	15.000000	-0.067195
15.125000	15.000000	-0.016430
15.812500	15.000000	0.044858
16.500000	15.000000	0.078717
17.187500	15.000000	0.074974
17.875000	15.000000	0.049468
18.562500	15.000000	0.018374
19.250000	15.000000	-0.012747
19.937500	15.000000	-0.043974
20.625000	15.000000	-0.071394
21.312500	15.000000	-0.080552
22.000000	15.000000	-0.053785

0.687500	20.000000	0.004931
1.375000	20.000000	0.060471
2.062500	20.000000	0.081142
2.750000	20.000000	0.067898
3.437500	20.000000	0.039236
4.125000	20.000000	0.007981
4.812500	20.000000	-0.023163
5.500000	20.000000	-0.054018
6.187500	20.000000	-0.077468
6.875000	20.000000	-0.076141
7.562500	20.000000	-0.036498
8.250000	20.000000	0.025902
8.937500	20.000000	0.071872
9.625000	20.000000	0.079654
10.312500	20.000000	0.059183
11.000000	20.000000	0.028813
11.687500	20.000000	-0.002377
12.375000	20.000000	-0.033608
13.062500	20.000000	-0.063344
13.750000	20.000000	-0.080780
14.437500	20.000000	-0.067195
15.125000	20.000000	-0.016430
15.812500	20.000000	0.044858
16.500000	20.000000	0.078717
17.187500	20.000000	0.074974
17.875000	20.000000	0.049468
18.562500	20.000000	0.018374
19.250000	20.000000	-0.012747
19.937500	20.000000	-0.043974
20.625000	20.000000	-0.071394
21.312500	20.000000	-0.080552
22.000000	20.000000	-0.053785

0.687500	25.000000	0.004931
1.375000	25.000000	0.060471
2.062500	25.000000	0.081142
2.750000	25.000000	0.067898
3.437500	25.000000	0.039236
4.125000	25.000000	0.007981
4.812500	25.000000	-0.023163
5.500000	25.000000	-0.054018
6.187500	25.000000	-0.077468
6.875000	25.000000	-0.076141
7.562500	25.000000	-0.036498
8.250000	25.000000	0.025902
8.937500	25.000000	0.071872
9.625000	25.000000	0.079654
10.312500	25.000000	0.059183
11.000000	25.000000	0.028813
11.687500	25.000000	-0.002377
12.375000	25.000000	-0.033608
13.062500	25.000000	-0.063344
13.750000	25.000000	-0.080780
14.437500	25.000000	-0.067195
15.125000	25.000000	-0.016430
15.812500	25.000000	0.044858
16.500000	25.000000	0.078717
17.187500	25.000000	0.074974
17.875000	25.000000	0.049468
18.562500	25.000000	0.018374
19.250000	25.000000	-0.012747
19.937500	25.000000	-0.043974
20.625000	25.000000	-0.071394
21.312500	25.000000	-0.080552
22.000000	25.000000	-0.053785

0.687500	30.000000	0.004931
1.375000	30.000000	0.060471
2.062500	30.000000	0.081142
2.750000	30.000000	0.067898
3.437500	30.000000	0.039236
4.125000	30.000000	0.007981
4.812500	30.000000	-0.023163
5.500000	30.000000	-0.054018
6.187500	30.000000	-0.077468
6.875000	30.000000	-0.076141
7.562500	30.000000	-0.036498
8.250000	30.000000	0.025902
8.937500	30.000000	0.071872
9.625000	30.000000	0.079654
10.312500	30.000000	0.059183
11.000000	30.000000	0.028813
11.687500	30.000000	-0.002377
12.375000	30.000000	-0.033608
13.062500	30.000000	-0.063344
13.750000	30.000000	-0.080780
14.437500	30.000000	-0.067195
15.125000	30.000000	-0.016430
15.812500	30.000000	0.044858
16.500000	30.000000	0.078717
17.187500	30.000000	0.074974
17.875000	30.000000	0.049468
18.562500	30.000000	0.018374
19.250000	30.000000	-0.012747
19.937500	30.000000	-0.043974
20.625000	30.000000	-0.071394
21.312500	30.000000	-0.080552
22.000000	30.000000	-0.053785

0.687500	35.000000	0.004931
1.375000	35.000000	0.060471
2.062500	35.000000	0.081142
2.750000	35.000000	0.067898
3.437500	35.000000	0.039236
4.125000	35.000000	0.007981
4.812500	35.000000	-0.023163
5.500000	35.000000	-0.054018
6.187500	35.000000	-0.077468
6.875000	35.000000	-0.076141
7.562500	35.000000	-0.036498
8.250000	35.000000	0.025902
8.937500	35.000000	0.071872
9.625000	35.000000	0.079654
10.312500	35.000000	0.059183
11.000000	35.000000	0.028813
11.687500	35.000000	-0.002377
12.375000	35.000000	-0.033608
13.062500	35.000000	-0.063344
13.750000	35.000000	-0.080780
14.437500	35.000000	-0.067195
15.125000	35.000000	-0.016430
15.812500	35.000000	0.044858
16.500000	35.000000	0.078717
17.187500	35.000000	0.074974
17.875000	35.000000	0.049468
18.562500	35.000000	0.018374
19.250000	35.000000	-0.012747
19.937500	35.000000	-0.043974
20.625000	35.000000	-0.071394
21.312500	35.000000	-0.080552
22.000000	35.000000	-0.053785

0.687500	40.000000	0.004931
1.375000	40.000000	0.060471
2.062500	40.000000	0.081142
2.750000	40.000000	0.067898
3.437500	40.000000	0.039236
4.125000	40.000000	0.007981
4.812500	40.000000	-0.023163
5.500000	40.000000	-0.054018
6.187500	40.000000	-0.077468
6.875000	40.000000	-0.076141
7.562500	40.000000	-0.036498
8.250000	40.000000	0.025902
8.937500	40.000000	0.071872
9.625000	40.000000	0.079654
10.312500	40.000000	0.059183
11.000000	40.000000	0.028813
11.687500	40.000000	-0.002377
12.375000	40.000000	-0.033608
13.062500	40.000000	-0.063344
13.750000	40.000000	-0.080780
14.437500	40.000000	-0.067195
15.125000	40.000000	-0.016430
15.812500	40.000000	0.044858
16.500000	40.000000	0.078717
17.187500	40.000000	0.074974
17.875000	40.000000	0.049468
18.562500	40.000000	0.018374
19.250000	40.000000	-0.012747
19.937500	40.000000	-0.043974
20.625000	40.000000	-0.071394
21.312500	40.000000	-0.080552
22.000000	40.000000	-0.053785

0.687500	45.000000	0.004931
1.375000	45.000000	0.060471
2.062500	45.000000	0.081142
2.750000	45.000000	0.067898
3.437500	45.000000	0.039236
4.125000	45.000000	0.007981
4.812500	45.000000	-0.023163
5.500000	45.000000	-0.054018
6.187500	45.000000	-0.077468
6.875000	45.000000	-0.076141
7.562500	45.000000	-0.036498
8.250000	45.000000	0.025902
8.937500	45.000000	0.071872
9.625000	45.000000	0.079654
10.312500	45.000000	0.059183
11.000000	45.000000	0.028813
11.687500	45.000000	-0.002377
12.375000	45.000000	-0.033608
13.062500	45.000000	-0.063344
13.750000	45.000000	-0.080780
14.437500	45.000000	-0.067195
15.125000	45.000000	-0.016430
15.812500	45.000000	0.044858
16.500000	45.000000	0.078717
17.187500	45.000000	0.074974
17.875000	45.000000	0.049468
18.562500	45.000000	0.018374
19.250000	45.000000	-0.012747
19.937500	45.000000	-0.043974
20.625000	45.000000	-0.071394
21.312500	45.000000	-0.080552
22.000000	45.000000	-0.053785

0.687500	50.000000	0.004931
1.375000	50.000000	0.060471
2.062500	50.000000	0.081142
2.750000	50.000000	0.067898
3.437500	50.000000	0.039236
4.125000	50.000000	0.007981
4.812500	50.000000	-0.023163
5.500000	50.000000	-0.054018
6.187500	50.000000	-0.077468
6.875000	50.000000	-0.076141
7.562500	50.000000	-0.036498
8.250000	50.000000	0.025902
8.937500	50.000000	0.071872
9.625000	50.000000	0.079654
10.312500	50.000000	0.059183
11.000000	50.000000	0.028813
11.687500	50.000000	-0.002377
12.375000	50.000000	-0.033608
13.062500	50.000000	-0.063344
13.750000	50.000000	-0.080780
14.437500	50.000000	-0.067195
15.125000	50.000000	-0.016430
15.812500	50.000000	0.044858
16.500000	50.000000	0.078717
17.187500	50.000000	0.074974
17.875000	50.000000	0.049468
18.562500	50.000000	0.018374
19.250000	50.000000	-0.012747
19.937500	50.000000	-0.043974
20.625000	50.000000	-0.071394
21.312500	50.000000	-0.080552
22.000000	50.000000	-0.053785

0.687500	55.000000	0.004931
1.375000	55.000000	0.060471
2.062500	55.000000	0.081142
2.750000	55.000000	0.067898
3.437500	55.000000	0.039236
4.125000	55.000000	0.007981
4.812500	55.000000	-0.023163
5.500000	55.000000	-0.054018
6.187500	55.000000	-0.077468
6.875000	55.000000	-0.076141
7.562500	55.000000	-0.036498
8.250000	55.000000	0.025902
8.937500	55.000000	0.071872
9.625000	55.000000	0.079654
10.312500	55.000000	0.059183
11.000000	55.000000	0.028813
11.687500	55.000000	-0.002377
12.375000	55.000000	-0.033608
13.062500	55.000000	-0.063344
13.750000	55.000000	-0.080780
14.437500	55.000000	-0.067195
15.125000	55.000000	-0.016430
15.812500	55.000000	0.044858
16.500000	55.000000	0.078717
17.187500	55.000000	0.074974
17.875000	55.000000	0.049468
18.562500	55.000000	0.018374
19.250000	55.000000	-0.012747
19.937500	55.000000	-0.043974
20.625000	55.000000	-0.071394
21.312500	55.000000	-0.080552
22.000000	55.000000	-0.053785

0.687500	60.000000	0.004931
1.375000	60.000000	0.060471
2.062500	60.000000	0.081142
2.750000	60.000000	0.067898
3.437500	60.000000	0.039236
4.125000	60.000000	0.007981
4.812500	60.000000	-0.023163
5.500000	60.000000	-0.054018
6.187500	60.000000	-0.077468
6.875000	60.000000	-0.076141
7.562500	60.000000	-0.036498
8.250000	60.000000	0.025902
8.937500	60.000000	0.071872
9.625000	60.000000	0.079654
10.312500	60.000000	0.059183
11.000000	60.000000	0.028813
11.687500	60.000000	-0.002377
12.375000	60.000000	-0.033608
13.062500	60.000000	-0.063344
13.750000	60.000000	-0.080780
14.437500	60.000000	-0.067195
15.125000	60.000000	-0.016430
15.812500	60.000000	0.044858
16.500000	60.000000	0.078717
17.187500	60.000000	0.074974
17.875000	60.000000	0.049468
18.562500	60.000000	0.018374
19.250000	60.000000	-0.012747
19.937500	60.000000	-0.043974
20.625000	60.000000	-0.071394
21.312500	60.000000	-0.080552
22.000000	60.000000	-0.053785

0.687500	65.000000	0.004931
1.375000	65.000000	0.060471
2.062500	65.000000	0.081142
2.750000	65.000000	0.067898
3.437500	65.000000	0.039236
4.125000	65.000000	0.007981
4.812500	65.000000	-0.023163
5.500000	65.000000	-0.054018
6.187500	65.000000	-0.077468
6.875000	65.000000	-0.076141
7.562500	65.000000	-0.036498
8.250000	65.000000	0.025902
8.937500	65.000000	0.071872
9.625000	65.000000	0.079654
10.312500	65.000000	0.059183
11.000000	65.000000	0.028813
11.687500	65.000000	-0.002377
12.375000	65.000000	-0.033608
13.062500	65.000000	-0.063344
13.750000	65.000000	-0.080780
14.437500	65.000000	-0.067195
15.125000	65.000000	-0.016430
15.812500	65.000000	0.044858
16.500000	65.000000	0.078717
17.187500	65.000000	0.074974
17.875000	65.000000	0.049468
18.562500	65.000000	0.018374
19.250000	65.000000	-0.012747
19.937500	65.000000	-0.043974
20.625000	65.000000	-0.071394
21.312500	65.000000	-0.080552
22.000000	65.000000	-0.053785

0.687500	70.000000	0.004931
1.375000	70.000000	0.060471
2.062500	70.000000	0.081142
2.750000	70.000000	0.067898
3.437500	70.000000	0.039236
4.125000	70.000000	0.007981
4.812500	70.000000	-0.023163
5.500000	70.000000	-0.054018
6.187500	70.000000	-0.077468
6.875000	70.000000	-0.076141
7.562500	70.000000	-0.036498
8.250000	70.000000	0.025902
8.937500	70.000000	0.071872
9.625000	70.000000	0.079654
10.312500	70.000000	0.059183
11.000000	70.000000	0.028813
11.687500	70.000000	-0.002377
12.375000	70.000000	-0.033608
13.062500	70.000000	-0.063344
13.750000	70.000000	-0.080780
14.437500	70.000000	-0.067195
15.125000	70.000000	-0.016430
15.812500	70.000000	0.044858
16.500000	70.000000	0.078717
17.187500	70.000000	0.074974
17.875000	70.000000	0.049468
18.562500	70.000000	0.018374
19.250000	70.000000	-0.012747
19.937500	70.000000	-0.043974
20.625000	70.000000	-0.071394
21.312500	70.000000	-0.080552
22.000000	70.000000	-0.053785

0.687500	75.000000	0.004931
1.375000	75.000000	0.060471
2.062500	75.000000	0.081142
2.750000	75.000000	0.067898
3.437500	75.000000	0.039236
4.125000	75.000000	0.007981
4.812500	75.000000	-0.023163
5.500000	75.000000	-0.054018
6.187500	75.000000	-0.077468
6.875000	75.000000	-0.076141
7.562500	75.000000	-0.036498
8.250000	75.000000	0.025902
8.937500	75.000000	0.071872
9.625000	75.000000	0.079654
10.312500	75.000000	0.059183
11.000000	75.000000	0.028813
11.687500	75.000000	-0.002377
12.375000	75.000000	-0.033608
13.062500	75.000000	-0.063344
13.750000	75.000000	-0.080780
14.437500	75.000000	-0.067195
15.125000	75.000000	-0.016430
15.812500	75.000000	0.044858
16.500000	75.000000	0.078717
17.187500	75.000000	0.074974
17.875000	75.000000	0.049468
18.562500	75.000000	0.018374
19.250000	75.000000	-0.012747
19.937500	75.000000	-0.043974
20.625000	75.000000	-0.071394
21.312500	75.000000	-0.080552
22.000000	75.000000	-0.053785

0.687500	80.000000	0.004931
1.375000	80.000000	0.060471
2.062500	80.000000	0.081142
2.750000	80.000000	0.067898
3.437500	80.000000	0.039236
4.125000	80.000000	0.007981
4.812500	80.000000	-0.023163
5.500000	80.000000	-0.054018
6.187500	80.000000	-0.077468
6.875000	80.000000	-0.076141
7.562500	80.000000	-0.036498
8.250000	80.000000	0.025902
8.937500	80.000000	0.071872
9.625000	80.000000	0.079654
10.312500	80.000000	0.059183
11.000000	80.000000	0.028813
11.687500	80.000000	-0.002377
12.375000	80.000000	-0.033608
13.062500	80.000000	-0.063344
13.750000	80.000000	-0.080780
14.437500	80.000000	-0.067195
15.125000	80.000000	-0.016430
15.812500	80.000000	0.044858
16.500000	80.000000	0.078717
17.187500	80.000000	0.074974
17.875000	80.000000	0.049468
18.562500	80.000000	0.018374
19.250000	80.000000	-0.012747
19.937500	80.000000	-0.043974
20.625000	80.000000	-0.071394
21.312500	80.000000	-0.080552
22.000000	80.000000	-0.053785

0.687500	85.000000	0.004931
1.375000	85.000000	0.060471
2.062500	85.000000	0.081142
2.750000	85.000000	0.067898
3.437500	85.000000	0.039236
4.125000	85.000000	0.007981
4.812500	85.000000	-0.023163
5.500000	85.000000	-0.054018
6.187500	85.000000	-0.077468
6.875000	85.000000	-0.076141
7.562500	85.000000	-0.036498
8.250000	85.000000	0.025902
8.937500	85.000000	0.071872
9.625000	85.000000	0.079654
10.312500	85.000000	0.059183
11.000000	85.000000	0.028813
11.687500	85.000000	-0.002377
12.375000	85.000000	-0.033608
13.062500	85.000000	-0.063344
13.750000	85.000000	-0.080780
14.437500	85.000000	-0.067195
15.125000	85.000000	-0.016430
15.812500	85.000000	0.044858
16.500000	85.000000	0.078717
17.187500	85.000000	0.074974
17.875000	85.000000	0.049468
18.562500	85.000000	0.018374
19.250000	85.000000	-0.012747
19.937500	85.000000	-0.043974
20.625000	85.000000	-0.071394
21.312500	85.000000	-0.080552
22.000000	85.000000	-0.053785

0.687500	90.000000	0.004931
1.375000	90.000000	0.060471
2.062500	90.000000	0.081142
2.750000	90.000000	0.067898
3.437500	90.000000	0.039236
4.125000	90.000000	0.007981
4.812500	90.000000	-0.023163
5.500000	90.000000	-0.054018
6.187500	90.000000	-0.077468
6.875000	90.000000	-0.076141
7.562500	90.000000	-0.036498
8.250000	90.000000	0.025902
8.937500	90.000000	0.071872
9.625000	90.000000	0.079654
10.312500	90.000000	0.059183
11.000000	90.000000	0.028813
11.687500	90.000000	-0.002377
12.375000	90.000000	-0.033608
13.062500	90.000000	-0.063344
13.750000	90.000000	-0.080780
14.437500	90.000000	-0.067195
15.125000	90.000000	-0.016430
15.812500	90.000000	0.044858
16.500000	90.000000	0.078717
17.187500	90.000000	0.074974
17.875000	90.000000	0.049468
18.562500	90.000000	0.018374
19.250000	90.000000	-0.012747
19.937500	90.000000	-0.043974
20.625000	90.000000	-0.071394
21.312500	90.000000	-0.080552
22.000000	90.000000	-0.053785

0.687500	95.000000	0.004931
1.375000	95.000000	0.060471
2.062500	95.000000	0.081142
2.750000	95.000000	0.067898
3.437500	95.000000	0.039236
4.125000	95.000000	0.007981
4.812500	95.000000	-0.023163
5.500000	95.000000	-0.054018
6.187500	95.000000	-0.077468
6.875000	95.000000	-0.076141
7.562500	95.000000	-0.036498
8.250000	95.000000	0.025902
8.937500	95.000000	0.071872
9.625000	95.000000	0.079654
10.312500	95.000000	0.059183
11.000000	95.000000	0.028813
11.687500	95.000000	-0.002377
12.375000	95.000000	-0.033608
13.062500	95.000000	-0.063344
13.750000	95.000000	-0.080780
14.437500	95.000000	-0.067195
15.125000	95.000000	-0.016430
15.812500	95.000000	0.044858
16.500000	95.000000	0.078717
17.187500	95.000000	0.074974
17.875000	95.000000	0.049468
18.562500	95.000000	0.018374
19.250000	95.000000	-0.012747
19.937500	95.000000	-0.043974
20.625000	95.000000	-0.071394
21.312500	95.000000	-0.080552
22.000000	95.000000	-0.053785

0.687500	100.000000	0.004931
1.375000	100.000000	0.060471
2.062500	100.000000	0.081142
2.750000	100.000000	0.067898
3.437500	100.000000	0.039236
4.125000	100.000000	0.007981
4.812500	100.000000	-0.023163
5.500000	100.000000	-0.054018
6.187500	100.000000	-0.077468
6.875000	100.000000	-0.076141
7.562500	100.000000	-0.036498
8.250000	100.000000	0.025902
8.937500	100.000000	0.071872
9.625000	100.000000	0.079654
10.312500	100.000000	0.059183
11.000000	100.000000	0.028813
11.687500	100.000000	-0.002377
12.375000	100.000000	-0.033608
13.062500	100.000000	-0.063344
13.750000	100.000000	-0.080780
14.437500	100.000000	-0.067195
15.125000	100.000000	-0.016430
15.812500	100.000000	0.044858
16.500000	100.000000	0.078717
17.187500	100.000000	0.074974
17.875000	100.000000	0.049468
18.562500	100.000000	0.018374
19.250000	100.000000	-0.012747
19.937500	100.000000	-0.043974
20.625000	100.000000	-0.071394
21.312500	100.000000	-0.080552
22.000000	100.000000	-0.053785

0.687500	105.000000	0.004931
1.375000	105.000000	0.060471
2.062500	105.000000	0.081142
2.750000	105.000000	0.067898
3.437500	105.000000	0.039236
4.125000	105.000000	0.007981
4.812500	105.000000	-0.023163
5.500000	105.000000	-0.054018
6.187500	105.000000	-0.077468
6.875000	105.000000	-0.076141
7.562500	105.000000	-0.036498
8.250000	105.000000	0.025902
8.937500	105.000000	0.071872
9.625000	105.000000	0.079654
10.312500	105.000000	0.059183
11.000000	105.000000	0.028813
11.687500	105.000000	-0.002377
12.375000	105.000000	-0.033608
13.062500	105.000000	-0.063344
13.750000	105.000000	-0.080780
14.437500	105.000000	-0.067195
15.125000	105.000000	-0.016430
15.812500	105.000000	0.044858
16.500000	105.000000	0.078717
17.187500	105.000000	0.074974
17.875000	105.000000	0.049468
18.562500	105.000000	0.018374
19.250000	105.000000	-0.012747
19.937500	105.000000	-0.043974
20.625000	105.000000	-0.071394
21.312500	105.000000	-0.080552
22.000000	105.000000	-0.053785

0.687500	110.000000	0.004931
1.375000	110.000000	0.060471
2.062500	110.000000	0.081142
2.750000	110.000000	0.067898
3.437500	110.000000	0.039236
4.125000	110.000000	0.007981
4.812500	110.000000	-0.023163
5.500000	110.000000	-0.054018
6.187500	110.000000	-0.077468
6.875000	110.000000	-0.076141
7.562500	110.000000	-0.036498
8.250000	110.000000	0.025902
8.937500	110.000000	0.071872
9.625000	110.000000	0.079654
10.312500	110.000000	0.059183
11.000000	110.000000	0.028813
11.687500	110.000000	-0.002377
12.375000	110.000000	-0.033608
13.062500	110.000000	-0.063344
13.750000	110.000000	-0.080780
14.437500	110.000000	-0.067195
15.125000	110.000000	-0.016430
15.812500	110.000000	0.044858
16.500000	110.000000	0.078717
17.187500	110.000000	0.074974
17.875000	110.000000	0.049468
18.562500	110.000000	0.018374
19.250000	110.000000	-0.012747
19.937500	110.000000	-0.043974
20.625000	110.000000	-0.071394
21.312500	110.000000	-0.080552
22.000000	110.000000	-0.053785

0.687500	115.000000	0.004931
1.375000	115.000000	0.060471
2.062500	115.000000	0.081142
2.750000	115.000000	0.067898
3.437500	115.000000	0.039236
4.125000	115.000000	0.007981
4.812500	115.000000	-0.023163
5.500000	115.000000	-0.054018
6.187500	115.000000	-0.077468
6.875000	115.000000	-0.076141
7.562500	115.000000	-0.036498
8.250000	115.000000	0.025902
8.937500	115.000000	0.071872
9.625000	115.000000	0.079654
10.312500	115.000000	0.059183
11.000000	115.000000	0.028813
11.687500	115.000000	-0.002377
12.375000	115.000000	-0.033608
13.062500	115.000000	-0.063344
13.750000	115.000000	-0.080780
14.437500	115.000000	-0.067195
15.125000	115.000000	-0.016430
15.812500	115.000000	0.044858
16.500000	115.000000	0.078717
17.187500	115.000000	0.074974
17.875000	115.000000	0.049468
18.562500	115.000000	0.018374
19.250000	115.000000	-0.012747
19.937500	115.000000	-0.043974
20.625000	115.000000	-0.071394
21.312500	115.000000	-0.080552
22.000000	115.000000	-0.053785

0.687500	120.000000	0.004931
1.375000	120.000000	0.060471
2.062500	120.000000	0.081142
2.750000	120.000000	0.067898
3.437500	120.000000	0.039236
4.125000	120.000000	0.007981
4.812500	120.000000	-0.023163
5.500000	120.000000	-0.054018
6.187500	120.000000	-0.077468
6.875000	120.000000	-0.076141
7.562500	120.000000	-0.036498
8.250000	120.000000	0.025902
8.937500	120.000000	0.071872
9.625000	120.000000	0.079654
10.312500	120.000000	0.059183
11.000000	120.000000	0.028813
11.687500	120.000000	-0.002377
12.375000	120.000000	-0.033608
13.062500	120.000000	-0.063344
13.750000	120.000000	-0.080780
14.437500	120.000000	-0.067195
15.125000	120.000000	-0.016430
15.812500	120.000000	0.044858
16.500000	120.000000	0.078717
17.187500	120.000000	0.074974
17.875000	120.000000	0.049468
18.562500	120.000000	0.018374
19.250000	120.000000	-0.012747
19.937500	120.000000	-0.043974
20.625000	120.000000	-0.071394
21.312500	120.000000	-0.080552
22.000000	120.000000	-0.053785

0.687500	125.000000	0.004931
1.375000	125.000000	0.060471
2.062500	125.000000	0.081142
2.750000	125.000000	0.067898
3.437500	125.000000	0.039236
4.125000	125.000000	0.007981
4.812500	125.000000	-0.023163
5.500000	125.000000	-0.054018
6.187500	125.000000	-0.077468
6.875000	125.000000	-0.076141
7.562500	125.000000	-0.036498
8.250000	125.000000	0.025902
8.937500	125.000000	0.071872
9.625000	125.000000	0.079654
10.312500	125.000000	0.059183
11.000000	125.000000	0.028813
11.687500	125.000000	-0.002377
12.375000	125.000000	-0.033608
13.062500	125.000000	-0.063344
13.750000	125.000000	-0.080780
14.437500	125.000000	-0.067195
15.125000	125.000000	-0.016430
15.812500	125.000000	0.044858
16.500000	125.000000	0.078717
17.187500	125.000000	0.074974
17.875000	125.000000	0.049468
18.562500	125.000000	0.018374
19.250000	125.000000	-0.012747
19.937500	125.000000	-0.043974
20.625000	125.000000	-0.071394
21.312500	125.000000	-0.080552
22.000000	125.000000	-0.053785

0.687500	130.000000	0.004931
1.375000	130.000000	0.060471
2.062500	130.000000	0.081142
2.750000	130.000000	0.067898
3.437500	130.000000	0.039236
4.125000	130.000000	0.007981
4.812500	130.000000	-0.023163
5.500000	130.000000	-0.054018
6.187500	130.000000	-0.077468
6.875000	130.000000	-0.076141
7.562500	130.000000	-0.036498
8.250000	130.000000	0.025902
8.937500	130.000000	0.071872
9.625000	130.000000	0.079654
10.312500	130.000000	0.059183
11.000000	130.000000	0.028813
11.687500	130.000000	-0.002377
12.375000	130.000000	-0.033608
13.062500	130.000000	-0.063344
13.750000	130.000000	-0.080780
14.437500	130.000000	-0.067195
15.125000	130.000000	-0.016430
15.812500	130.000000	0.044858
16.500000	130.000000	0.078717
17.187500	130.000000	0.074974
17.875000	130.000000	0.049467
18.562500	130.000000	0.018374
19.250000	130.000000	-0.012747
19.937500	130.000000	-0.043974
20.625000	130.000000	-0.071394
21.312500	130.000000	-0.080552
22.000000	130.000000	-0.053785

0.687500	135.000000	0.004931
1.375000	135.000000	0.060471
2.062500	135.000000	0.081142
2.750000	135.000000	0.067898
3.437500	135.000000	0.039236
4.125000	135.000000	0.007981
4.812500	135.000000	-0.023163
5.500000	135.000000	-0.054018
6.187500	135.000000	-0.077468
6.875000	135.000000	-0.076141
7.562500	135.000000	-0.036498
8.250000	135.000000	0.025902
8.937500	135.000000	0.071872
9.625000	135.000000	0.079654
10.312500	135.000000	0.059183
11.000000	135.000000	0.028813
11.687500	135.000000	-0.002377
12.375000	135.000000	-0.033608
13.062500	135.000000	-0.063344
13.750000	135.000000	-0.080780
14.437500	135.000000	-0.067195
15.125000	135.000000	-0.016430
15.812500	135.000000	0.044858
16.500000	135.000000	0.078717
17.187500	135.000000	0.074974
17.875000	135.000000	0.049467
18.562500	135.000000	0.018374
19.250000	135.000000	-0.012747
19.937500	135.000000	-0.043974
20.625000	135.000000	-0.071394
21.312500	135.000000	-0.080552
22.000000	135.000000	-0.053785

0.687500	140.000000	0.004931
1.375000	140.000000	0.060471
2.062500	140.000000	0.081142
2.750000	140.000000	0.067898
3.437500	140.000000	0.039236
4.125000	140.000000	0.007981
4.812500	140.000000	-0.023163
5.500000	140.000000	-0.054018
6.187500	140.000000	-0.077468
6.875000	140.000000	-0.076141
7.562500	140.000000	-0.036498
8.250000	140.000000	0.025902
8.937500	140.000000	0.071872
9.625000	140.000000	0.079654
10.312500	140.000000	0.059183
11.000000	140.000000	0.028813
11.687500	140.000000	-0.002377
12.375000	140.000000	-0.033608
13.062500	140.000000	-0.063344
13.750000	140.000000	-0.080780
14.437500	140.000000	-0.067195
15.125000	140.000000	-0.016430
15.812500	140.000000	0.044858
16.500000	140.000000	0.078717
17.187500	140.000000	0.074974
17.875000	140.000000	0.049467
18.562500	140.000000	0.018374
19.250000	140.000000	-0.012747
19.937500	140.000000	-0.043974
20.625000	140.000000	-0.071394
21.312500	140.000000	-0.080552
22.000000	140.000000	-0.053785

0.687500	145.000000	0.004931
1.375000	145.000000	0.060471
2.062500	145.000000	0.081142
2.750000	145.000000	0.067898
3.437500	145.000000	0.039236
4.125000	145.000000	0.007981
4.812500	145.000000	-0.023163
5.500000	145.000000	-0.054018
6.187500	145.000000	-0.077468
6.875000	145.000000	-0.076141
7.562500	145.000000	-0.036498
8.250000	145.000000	0.025902
8.937500	145.000000	0.071872
9.625000	145.000000	0.079654
10.312500	145.000000	0.059183
11.000000	145.000000	0.028813
11.687500	145.000000	-0.002377
12.375000	145.000000	-0.033608
13.062500	145.000000	-0.063344
13.750000	145.000000	-0.080780
14.437500	145.000000	-0.067195
15.125000	145.000000	-0.016430
15.812500	145.000000	0.044858
16.500000	145.000000	0.078717
17.187500	145.000000	0.074974
17.875000	145.000000	0.049467
18.562500	145.000000	0.018374
19.250000	145.000000	-0.012747
19.937500	145.000000	-0.043974
20.625000	145.000000	-0.071394
21.312500	145.000000	-0.080552
22.000000	145.000000	-0.053785

0.687500	150.000000	0.004931
1.375000	150.000000	0.060471
2.062500	150.000000	0.081142
2.750000	150.000000	0.067898
3.437500	150.000000	0.039236
4.125000	150.000000	0.007981
4.812500	150.000000	-0.023163
5.500000	150.000000	-0.054018
6.187500	150.000000	-0.077468
6.875000	150.000000	-0.076141
7.562500	150.000000	-0.036498
8.250000	150.000000	0.025901
8.937500	150.000000	0.071872
9.625000	150.000000	0.079654
10.312500	150.000000	0.059183
11.000000	150.000000	0.028813
11.687500	150.000000	-0.002377
12.375000	150.000000	-0.033608
13.062500	150.000000	-0.063344
13.750000	150.000000	-0.080780
14.437500	150.000000	-0.067195
15.125000	150.000000	-0.016430
15.812500	150.000000	0.044858
16.500000	150.000000	0.078717
17.187500	150.000000	0.074974
17.875000	150.000000	0.049467
18.562500	150.000000	0.018374
19.250000	150.000000	-0.012747
19.937500	150.000000	-0.043974
20.625000	150.000000	-0.071394
21.312500	150.000000	-0.080552
22.000000	150.000000	-0.053785

0.687500	155.000000	0.004931
1.375000	155.000000	0.060471
2.062500	155.000000	0.081142
2.750000	155.000000	0.067898
3.437500	155.000000	0.039236
4.125000	155.000000	0.007981
4.812500	155.000000	-0.023163
5.500000	155.000000	-0.054018
6.187500	155.000000	-0.077468
6.875000	155.000000	-0.076141
7.562500	155.000000	-0.036498
8.250000	155.000000	0.025901
8.937500	155.000000	0.071872
9.625000	155.000000	0.079654
10.312500	155.000000	0.059183
11.000000	155.000000	0.028813
11.687500	155.000000	-0.002377
12.375000	155.000000	-0.033608
13.062500	155.000000	-0.063344
13.750000	155.000000	-0.080780
14.437500	155.000000	-0.067195
15.125000	155.000000	-0.016430
15.812500	155.000000	0.044858
16.500000	155.000000	0.078717
17.187500	155.000000	0.074974
17.875000	155.000000	0.049467
18.562500	155.000000	0.018374
19.250000	155.000000	-0.012747
19.937500	155.000000	-0.043974
20.625000	155.000000	-0.071394
21.312500	155.000000	-0.080552
22.000000	155.000000	-0.053785

0.687500	160.000000	0.004931
1.375000	160.000000	0.060471
2.062500	160.000000	0.081142
2.750000	160.000000	0.067898
3.437500	160.000000	0.039236
4.125000	160.000000	0.007981
4.812500	160.000000	-0.023163
5.500000	160.000000	-0.054018
6.187500	160.000000	-0.077468
6.875000	160.000000	-0.076141
7.562500	160.000000	-0.036498
8.250000	160.000000	0.025901
8.937500	160.000000	0.071872
9.625000	160.000000	0.079654
10.312500	160.000000	0.059183
11.000000	160.000000	0.028813
11.687500	160.000000	-0.002377
12.375000	160.000000	-0.033608
13.062500	160.000000	-0.063344
13.750000	160.000000	-0.080780
14.437500	160.000000	-0.067195
15.125000	160.000000	-0.016430
15.812500	160.000000	0.044858
16.500000	160.000000	0.078717
17.187500	160.000000	0.074974
17.875000	160.000000	0.049467
18.562500	160.000000	0.018374
19.250000	160.000000	-0.012747
19.937500	160.000000	-0.043974
20.625000	160.000000	-0.071394
21.312500	160.000000	-0.080552
22.000000	160.000000	-0.053785

0.687500	165.000000	0.004931
1.375000	165.000000	0.060471
2.062500	165.000000	0.081142
2.750000	165.000000	0.067898
3.437500	165.000000	0.039237
4.125000	165.000000	0.007981
4.812500	165.000000	-0.023163
5.500000	165.000000	-0.054018
6.187500	165.000000	-0.077468
6.875000	165.000000	-0.076141
7.562500	165.000000	-0.036498
8.250000	165.000000	0.025901
8.937500	165.000000	0.071872
9.625000	165.000000	0.079654
10.312500	165.000000	0.059183
11.000000	165.000000	0.028813
11.687500	165.000000	-0.002377
12.375000	165.000000	-0.033608
13.062500	165.000000	-0.063344
13.750000	165.000000	-0.080780
14.437500	165.000000	-0.067195
15.125000	165.000000	-0.016430
15.812500	165.000000	0.044858
16.500000	165.000000	0.078717
17.187500	165.000000	0.074974
17.875000	165.000000	0.049467
18.562500	165.000000	0.018374
19.250000	165.000000	-0.012747
19.937500	165.000000	-0.043974
20.625000	165.000000	-0.071394
21.312500	165.000000	-0.080552
22.000000	165.000000	-0.053785

0.687500	170.000000	0.004931
1.375000	170.000000	0.060471
2.062500	170.000000	0.081142
2.750000	170.000000	0.067898
3.437500	170.000000	0.039237
4.125000	170.000000	0.007981
4.812500	170.000000	-0.023163
5.500000	170.000000	-0.054018
6.187500	170.000000	-0.077468
6.875000	170.000000	-0.076141
7.562500	170.000000	-0.036498
8.250000	170.000000	0.025901
8.937500	170.000000	0.071872
9.625000	170.000000	0.079654
10.312500	170.000000	0.059183
11.000000	170.000000	0.028813
11.687500	170.000000	-0.002377
12.375000	170.000000	-0.033608
13.062500	170.000000	-0.063344
13.750000	170.000000	-0.080780
14.437500	170.000000	-0.067195
15.125000	170.000000	-0.016430
15.812500	170.000000	0.044858
16.500000	170.000000	0.078717
17.187500	170.000000	0.074974
17.875000	170.000000	0.049467
18.562500	170.000000	0.018374
19.250000	170.000000	-0.012747
19.937500	170.000000	-0.043974
20.625000	170.000000	-0.071394
21.312500	170.000000	-0.080552
22.000000	170.000000	-0.053785

0.687500	175.000000	0.004931
1.375000	175.000000	0.060471
2.062500	175.000000	0.081142
2.750000	175.000000	0.067898
3.437500	175.000000	0.039237
4.125000	175.000000	0.007981
4.812500	175.000000	-0.023163
5.500000	175.000000	-0.054018
6.187500	175.000000	-0.077468
6.875000	175.000000	-0.076141
7.562500	175.000000	-0.036498
8.250000	175.000000	0.025901
8.937500	175.000000	0.071872
9.625000	175.000000	0.079654
10.312500	175.000000	0.059183
11.000000	175.000000	0.028813
11.687500	175.000000	-0.002377
12.375000	175.000000	-0.033608
13.062500	175.000000	-0.063344
13.750000	175.000000	-0.080780
14.437500	175.000000	-0.067195
15.125000	175.000000	-0.016429
15.812500	175.000000	0.044858
16.500000	175.000000	0.078717
17.187500	175.000000	0.074974
17.875000	175.000000	0.049467
18.562500	175.000000	0.018374
19.250000	175.000000	-0.012747
19.937500	175.000000	-0.043974
20.625000	175.000000	-0.071394
21.312500	175.000000	-0.080552
22.000000	175.000000	-0.053785

0.687500	180.000000	0.004931
1.375000	180.000000	0.060471
2.062500	180.000000	0.081142
2.750000	180.000000	0.067898
3.437500	180.000000	0.039237
4.125000	180.000000	0.007981
4.812500	180.000000	-0.023163
5.500000	180.000000	-0.054018
6.187500	180.000000	-0.077468
6.875000	180.000000	-0.076141
7.562500	180.000000	-0.036498
8.250000	180.000000	0.025901
8.937500	180.000000	0.071872
9.625000	180.000000	0.079654
10.312500	180.000000	0.059183
11.000000	180.000000	0.028813
11.687500	180.000000	-0.002377
12.375000	180.000000	-0.033608
13.062500	180.000000	-0.063344
13.750000	180.000000	-0.080780
14.437500	180.000000	-0.067194
15.125000	180.000000	-0.016429
15.812500	180.000000	0.044858
16.500000	180.000000	0.078717
17.187500	180.000000	0.074974
17.875000	180.000000	0.049467
18.562500	180.000000	0.018374
19.250000	180.000000	-0.012747
19.937500	180.000000	-0.043974
20.625000	180.000000	-0.071394
21.312500	180.000000	-0.080552
22.000000	180.000000	-0.053785

0.687500	185.000000	0.004931
1.375000	185.000000	0.060471
2.062500	185.000000	0.081142
2.750000	185.000000	0.067898
3.437500	185.000000	0.039237
4.125000	185.000000	0.007981
4.812500	185.000000	-0.023162
5.500000	185.000000	-0.054018
6.187500	185.000000	-0.077468
6.875000	185.000000	-0.076141
7.562500	185.000000	-0.036499
8.250000	185.000000	0.025901
8.937500	185.000000	0.071872
9.625000	185.000000	0.079654
10.312500	185.000000	0.059183
11.000000	185.000000	0.028813
11.687500	185.000000	-0.002377
12.375000	185.000000	-0.033609
13.062500	185.000000	-0.063344
13.750000	185.000000	-0.080780
14.437500	185.000000	-0.067194
15.125000	185.000000	-0.016429
15.812500	185.000000	0.044858
16.500000	185.000000	0.078717
17.187500	185.000000	0.074973
17.875000	185.000000	0.049467
18.562500	185.000000	0.018374
19.250000	185.000000	-0.012747
19.937500	185.000000	-0.043974
20.625000	185.000000	-0.071394
21.312500	185.000000	-0.080552
22.000000	185.000000	-0.053785

0.687500	190.000000	0.004931
1.375000	190.000000	0.060471
2.062500	190.000000	0.081142
2.750000	190.000000	0.067898
3.437500	190.000000	0.039237
4.125000	190.000000	0.007981
4.812500	190.000000	-0.023162
5.500000	190.000000	-0.054017
6.187500	190.000000	-0.077468
6.875000	190.000000	-0.076142
7.562500	190.000000	-0.036499
8.250000	190.000000	0.025901
8.937500	190.000000	0.071872
9.625000	190.000000	0.079654
10.312500	190.000000	0.059183
11.000000	190.000000	0.028813
11.687500	190.000000	-0.002377
12.375000	190.000000	-0.033609
13.062500	190.000000	-0.063344
13.750000	190.000000	-0.080780
14.437500	190.000000	-0.067194
15.125000	190.000000	-0.016428
15.812500	190.000000	0.044859
16.500000	190.000000	0.078717
17.187500	190.000000	0.074973
17.875000	190.000000	0.049467
18.562500	190.000000	0.018374
19.250000	190.000000	-0.012747
19.937500	190.000000	-0.043974
20.625000	190.000000	-0.071394
21.312500	190.000000	-0.080552
22.000000	190.000000	-0.053785

0.687500	195.000000	0.004930
1.375000	195.000000	0.060470
2.062500	195.000000	0.081142
2.750000	195.000000	0.067898
3.437500	195.000000	0.039237
4.125000	195.000000	0.007982
4.812500	195.000000	-0.023162
5.500000	195.000000	-0.054017
6.187500	195.000000	-0.077468
6.875000	195.000000	-0.076142
7.562500	195.000000	-0.036499
8.250000	195.000000	0.025900
8.937500	195.000000	0.071872
9.625000	195.000000	0.079654
10.312500	195.000000	0.059183
11.000000	195.000000	0.028813
11.687500	195.000000	-0.002377
12.375000	195.000000	-0.033609
13.062500	195.000000	-0.063344
13.750000	195.000000	-0.080780
14.437500	195.000000	-0.067194
15.125000	195.000000	-0.016428
15.812500	195.000000	0.044859
16.500000	195.000000	0.078717
17.187500	195.000000	0.074973
17.875000	195.000000	0.049467
18.562500	195.000000	0.018373
19.250000	195.000000	-0.012747
19.937500	195.000000	-0.043974
20.625000	195.000000	-0.071394
21.312500	195.000000	-0.080552
22.000000	195.000000	-0.053786

0.687500	200.000000	0.004930
1.375000	200.000000	0.060470
2.062500	200.000000	0.081142
2.750000	200.000000	0.067899
3.437500	200.000000	0.039237
4.125000	200.000000	0.007982
4.812500	200.000000	-0.023162
5.500000	200.000000	-0.054017
6.187500	200.000000	-0.077468
6.875000	200.000000	-0.076142
7.562500	200.000000	-0.036500
8.250000	200.000000	0.025900
8.937500	200.000000	0.071871
9.625000	200.000000	0.079654
10.312500	200.000000	0.059183
11.000000	200.000000	0.028813
11.687500	200.000000	-0.002378
12.375000	200.000000	-0.033609
13.062500	200.000000	-0.063345
13.750000	200.000000	-0.080780
14.437500	200.000000	-0.067193
15.125000	200.000000	-0.016426
15.812500	200.000000	0.044860
16.500000	200.000000	0.078718
17.187500	200.000000	0.074973
17.875000	200.000000	0.049466
18.562500	200.000000	0.018373
19.250000	200.000000	-0.012747
19.937500	200.000000	-0.043973
20.625000	200.000000	-0.071394
21.312500	200.000000	-0.080552
22.000000	200.000000	-0.053786

0.687500	205.000000	0.004929
1.375000	205.000000	0.060469
2.062500	205.000000	0.081142
2.750000	205.000000	0.067899
3.437500	205.000000	0.039238
4.125000	205.000000	0.007982
4.812500	205.000000	-0.023161
5.500000	205.000000	-0.054016
6.187500	205.000000	-0.077467
6.875000	205.000000	-0.076142
7.562500	205.000000	-0.036501
8.250000	205.000000	0.025899
8.937500	205.000000	0.071871
9.625000	205.000000	0.079654
10.312500	205.000000	0.059184
11.000000	205.000000	0.028813
11.687500	205.000000	-0.002378
12.375000	205.000000	-0.033610
13.062500	205.000000	-0.063345
13.750000	205.000000	-0.080780
14.437500	205.000000	-0.067192
15.125000	205.000000	-0.016424
15.812500	205.000000	0.044862
16.500000	205.000000	0.078718
17.187500	205.000000	0.074973
17.875000	205.000000	0.049466
18.562500	205.000000	0.018373
19.250000	205.000000	-0.012747
19.937500	205.000000	-0.043973
20.625000	205.000000	-0.071394
21.312500	205.000000	-0.080552
22.000000	205.000000	-0.053787

0.687500	210.000000	0.004927
1.375000	210.000000	0.060468
2.062500	210.000000	0.081142
2.750000	210.000000	0.067900
3.437500	210.000000	0.039238
4.125000	210.000000	0.007983
4.812500	210.000000	-0.023161
5.500000	210.000000	-0.054016
6.187500	210.000000	-0.077467
6.875000	210.000000	-0.076143
7.562500	210.000000	-0.036502
8.250000	210.000000	0.025897
8.937500	210.000000	0.071870
9.625000	210.000000	0.079654
10.312500	210.000000	0.059184
11.000000	210.000000	0.028813
11.687500	210.000000	-0.002378
12.375000	210.000000	-0.033611
13.062500	210.000000	-0.063346
13.750000	210.000000	-0.080780
14.437500	210.000000	-0.067190
15.125000	210.000000	-0.016421
15.812500	210.000000	0.044865
16.500000	210.000000	0.078719
17.187500	210.000000	0.074972
17.875000	210.000000	0.049465
18.562500	210.000000	0.018372
19.250000	210.000000	-0.012747
19.937500	210.000000	-0.043973
20.625000	210.000000	-0.071393
21.312500	210.000000	-0.080553
22.000000	210.000000	-0.053788

0.687500	215.000000	0.004925
1.375000	215.000000	0.060467
2.062500	215.000000	0.081142
2.750000	215.000000	0.067900
3.437500	215.000000	0.039239
4.125000	215.000000	0.007984
4.812500	215.000000	-0.023159
5.500000	215.000000	-0.054015
6.187500	215.000000	-0.077467
6.875000	215.000000	-0.076144
7.562500	215.000000	-0.036505
8.250000	215.000000	0.025894
8.937500	215.000000	0.071869
9.625000	215.000000	0.079654
10.312500	215.000000	0.059184
11.000000	215.000000	0.028814
11.687500	215.000000	-0.002379
12.375000	215.000000	-0.033612
13.062500	215.000000	-0.063348
13.750000	215.000000	-0.080780
14.437500	215.000000	-0.067187
15.125000	215.000000	-0.016416
15.812500	215.000000	0.044869
16.500000	215.000000	0.078720
17.187500	215.000000	0.074971
17.875000	215.000000	0.049463
18.562500	215.000000	0.018371
19.250000	215.000000	-0.012747
19.937500	215.000000	-0.043973
20.625000	215.000000	-0.071393
21.312500	215.000000	-0.080553
22.000000	215.000000	-0.053790

0.687500	220.000000	0.004921
1.375000	220.000000	0.060464
2.062500	220.000000	0.081142
2.750000	220.000000	0.067902
3.437500	220.000000	0.039241
4.125000	220.000000	0.007986
4.812500	220.000000	-0.023158
5.500000	220.000000	-0.054013
6.187500	220.000000	-0.077466
6.875000	220.000000	-0.076145
7.562500	220.000000	-0.036509
8.250000	220.000000	0.025890
8.937500	220.000000	0.071866
9.625000	220.000000	0.079654
10.312500	220.000000	0.059185
11.000000	220.000000	0.028814
11.687500	220.000000	-0.002380
12.375000	220.000000	-0.033614
13.062500	220.000000	-0.063350
13.750000	220.000000	-0.080780
14.437500	220.000000	-0.067182
15.125000	220.000000	-0.016407
15.812500	220.000000	0.044876
16.500000	220.000000	0.078723
17.187500	220.000000	0.074969
17.875000	220.000000	0.049461
18.562500	220.000000	0.018369
19.250000	220.000000	-0.012748
19.937500	220.000000	-0.043972
20.625000	220.000000	-0.071392
21.312500	220.000000	-0.080554
22.000000	220.000000	-0.053793

0.687500	225.000000	0.004914
1.375000	225.000000	0.060461
2.062500	225.000000	0.081142
2.750000	225.000000	0.067904
3.437500	225.000000	0.039244
4.125000	225.000000	0.007989
4.812500	225.000000	-0.023155
5.500000	225.000000	-0.054010
6.187500	225.000000	-0.077464
6.875000	225.000000	-0.076147
7.562500	225.000000	-0.036515
8.250000	225.000000	0.025883
8.937500	225.000000	0.071863
9.625000	225.000000	0.079654
10.312500	225.000000	0.059187
11.000000	225.000000	0.028815
11.687500	225.000000	-0.002381
12.375000	225.000000	-0.033618
13.062500	225.000000	-0.063354
13.750000	225.000000	-0.080780
14.437500	225.000000	-0.067175
15.125000	225.000000	-0.016394
15.812500	225.000000	0.044887
16.500000	225.000000	0.078726
17.187500	225.000000	0.074967
17.875000	225.000000	0.049457
18.562500	225.000000	0.018366
19.250000	225.000000	-0.012748
19.937500	225.000000	-0.043971
20.625000	225.000000	-0.071392
21.312500	225.000000	-0.080555
22.000000	225.000000	-0.053798

0.687500	230.000000	0.004904
1.375000	230.000000	0.060454
2.062500	230.000000	0.081142
2.750000	230.000000	0.067907
3.437500	230.000000	0.039248
4.125000	230.000000	0.007993
4.812500	230.000000	-0.023150
5.500000	230.000000	-0.054005
6.187500	230.000000	-0.077462
6.875000	230.000000	-0.076151
7.562500	230.000000	-0.036525
8.250000	230.000000	0.025872
8.937500	230.000000	0.071857
9.625000	230.000000	0.079654
10.312500	230.000000	0.059189
11.000000	230.000000	0.028815
11.687500	230.000000	-0.002384
12.375000	230.000000	-0.033623
13.062500	230.000000	-0.063360
13.750000	230.000000	-0.080780
14.437500	230.000000	-0.067163
15.125000	230.000000	-0.016373
15.812500	230.000000	0.044905
16.500000	230.000000	0.078732
17.187500	230.000000	0.074963
17.875000	230.000000	0.049450
18.562500	230.000000	0.018362
19.250000	230.000000	-0.012750
19.937500	230.000000	-0.043970
20.625000	230.000000	-0.071390
21.312500	230.000000	-0.080558
22.000000	230.000000	-0.053805

0.687500	235.000000	0.004889
1.375000	235.000000	0.060444
2.062500	235.000000	0.081141
2.750000	235.000000	0.067913
3.437500	235.000000	0.039256
4.125000	235.000000	0.008001
4.812500	235.000000	-0.023142
5.500000	235.000000	-0.053998
6.187500	235.000000	-0.077459
6.875000	235.000000	-0.076157
7.562500	235.000000	-0.036541
8.250000	235.000000	0.025854
8.937500	235.000000	0.071848
9.625000	235.000000	0.079654
10.312500	235.000000	0.059193
11.000000	235.000000	0.028817
11.687500	235.000000	-0.002387
12.375000	235.000000	-0.033632
13.062500	235.000000	-0.063369
13.750000	235.000000	-0.080781
14.437500	235.000000	-0.067144
15.125000	235.000000	-0.016339
15.812500	235.000000	0.044934
16.500000	235.000000	0.078741
17.187500	235.000000	0.074957
17.875000	235.000000	0.049440
18.562500	235.000000	0.018355
19.250000	235.000000	-0.012751
19.937500	235.000000	-0.043968
20.625000	235.000000	-0.071388
21.312500	235.000000	-0.080561
22.000000	235.000000	-0.053817

0.687500	240.000000	0.004863
1.375000	240.000000	0.060429
2.062500	240.000000	0.081141
2.750000	240.000000	0.067922
3.437500	240.000000	0.039267
4.125000	240.000000	0.008012
4.812500	240.000000	-0.023130
5.500000	240.000000	-0.053986
6.187500	240.000000	-0.077453
6.875000	240.000000	-0.076166
7.562500	240.000000	-0.036567
8.250000	240.000000	0.025826
8.937500	240.000000	0.071833
9.625000	240.000000	0.079655
10.312500	240.000000	0.059199
11.000000	240.000000	0.028819
11.687500	240.000000	-0.002394
12.375000	240.000000	-0.033647
13.062500	240.000000	-0.063385
13.750000	240.000000	-0.080781
14.437500	240.000000	-0.067113
15.125000	240.000000	-0.016285
15.812500	240.000000	0.044979
16.500000	240.000000	0.078755
17.187500	240.000000	0.074947
17.875000	240.000000	0.049423
18.562500	240.000000	0.018343
19.250000	240.000000	-0.012754
19.937500	240.000000	-0.043964
20.625000	240.000000	-0.071384
21.312500	240.000000	-0.080566
22.000000	240.000000	-0.053837

0.687500	245.000000	0.004823
1.375000	245.000000	0.060404
2.062500	245.000000	0.081140
2.750000	245.000000	0.067935
3.437500	245.000000	0.039285
4.125000	245.000000	0.008031
4.812500	245.000000	-0.023110
5.500000	245.000000	-0.053967
6.187500	245.000000	-0.077444
6.875000	245.000000	-0.076181
7.562500	245.000000	-0.036609
8.250000	245.000000	0.025780
8.937500	245.000000	0.071810
9.625000	245.000000	0.079656
10.312500	245.000000	0.059209
11.000000	245.000000	0.028823
11.687500	245.000000	-0.002403
12.375000	245.000000	-0.033669
13.062500	245.000000	-0.063409
13.750000	245.000000	-0.080781
14.437500	245.000000	-0.067065
15.125000	245.000000	-0.016199
15.812500	245.000000	0.045051
16.500000	245.000000	0.078778
17.187500	245.000000	0.074930
17.875000	245.000000	0.049397
18.562500	245.000000	0.018325
19.250000	245.000000	-0.012759
19.937500	245.000000	-0.043959
20.625000	245.000000	-0.071378
21.312500	245.000000	-0.080575
22.000000	245.000000	-0.053868

0.687500	250.000000	0.004760
1.375000	250.000000	0.060364
2.062500	250.000000	0.081138
2.750000	250.000000	0.067957
3.437500	250.000000	0.039314
4.125000	250.000000	0.008060
4.812500	250.000000	-0.023079
5.500000	250.000000	-0.053937
6.187500	250.000000	-0.077429
6.875000	250.000000	-0.076205
7.562500	250.000000	-0.036675
8.250000	250.000000	0.025707
8.937500	250.000000	0.071772
9.625000	250.000000	0.079657
10.312500	250.000000	0.059224
11.000000	250.000000	0.028829
11.687500	250.000000	-0.002419
12.375000	250.000000	-0.033706
13.062500	250.000000	-0.063447
13.750000	250.000000	-0.080781
14.437500	250.000000	-0.066987
15.125000	250.000000	-0.016062
15.812500	250.000000	0.045166
16.500000	250.000000	0.078813
17.187500	250.000000	0.074904
17.875000	250.000000	0.049354
18.562500	250.000000	0.018296
19.250000	250.000000	-0.012766
19.937500	250.000000	-0.043950
20.625000	250.000000	-0.071369
21.312500	250.000000	-0.080588
22.000000	250.000000	-0.053916

0.687500	255.000000	0.004660
1.375000	255.000000	0.060302
2.062500	255.000000	0.081135
2.750000	255.000000	0.067992
3.437500	255.000000	0.039359
4.125000	255.000000	0.008107
4.812500	255.000000	-0.023029
5.500000	255.000000	-0.053888
6.187500	255.000000	-0.077405
6.875000	255.000000	-0.076243
7.562500	255.000000	-0.036782
8.250000	255.000000	0.025589
8.937500	255.000000	0.071710
9.625000	255.000000	0.079658
10.312500	255.000000	0.059249
11.000000	255.000000	0.028839
11.687500	255.000000	-0.002443
12.375000	255.000000	-0.033763
13.062500	255.000000	-0.063508
13.750000	255.000000	-0.080781
14.437500	255.000000	-0.066863
15.125000	255.000000	-0.015843
15.812500	255.000000	0.045349
16.500000	255.000000	0.078870
17.187500	255.000000	0.074863
17.875000	255.000000	0.049287
18.562500	255.000000	0.018250
19.250000	255.000000	-0.012778
19.937500	255.000000	-0.043936
20.625000	255.000000	-0.071355
21.312500	255.000000	-0.080609
22.000000	255.000000	-0.053993

0.687500	260.000000	0.004505
1.375000	260.000000	0.060204
2.062500	260.000000	0.081132
2.750000	260.000000	0.068046
3.437500	260.000000	0.039431
4.125000	260.000000	0.008182
4.812500	260.000000	-0.022949
5.500000	260.000000	-0.053809
6.187500	260.000000	-0.077367
6.875000	260.000000	-0.076306
7.562500	260.000000	-0.036956
8.250000	260.000000	0.025397
8.937500	260.000000	0.071610
9.625000	260.000000	0.079661
10.312500	260.000000	0.059290
11.000000	260.000000	0.028856
11.687500	260.000000	-0.002481
12.375000	260.000000	-0.033855
13.062500	260.000000	-0.063605
13.750000	260.000000	-0.080779
14.437500	260.000000	-0.066662
15.125000	260.000000	-0.015493
15.812500	260.000000	0.045640
16.500000	260.000000	0.078959
17.187500	260.000000	0.074795
17.875000	260.000000	0.049178
18.562500	260.000000	0.018175
19.250000	260.000000	-0.012798
19.937500	260.000000	-0.043915
20.625000	260.000000	-0.071332
21.312500	260.000000	-0.080642
22.000000	260.000000	-0.054112

0.687500	265.000000	0.004265
1.375000	265.000000	0.060054
2.062500	265.000000	0.081125
2.750000	265.000000	0.068131
3.437500	265.000000	0.039544
4.125000	265.000000	0.008302
4.812500	265.000000	-0.022819
5.500000	265.000000	-0.053681
6.187500	265.000000	-0.077303
6.875000	265.000000	-0.076407
7.562500	265.000000	-0.037242
8.250000	265.000000	0.025080
8.937500	265.000000	0.071445
9.625000	265.000000	0.079664
10.312500	265.000000	0.059356
11.000000	265.000000	0.028884
11.687500	265.000000	-0.002541
12.375000	265.000000	-0.034000
13.062500	265.000000	-0.063759
13.750000	265.000000	-0.080773
14.437500	265.000000	-0.066339
15.125000	265.000000	-0.014932
15.812500	265.000000	0.046104
16.500000	265.000000	0.079099
17.187500	265.000000	0.074685
17.875000	265.000000	0.049004
18.562500	265.000000	0.018055
19.250000	265.000000	-0.012831
19.937500	265.000000	-0.043884
20.625000	265.000000	-0.071297
21.312500	265.000000	-0.080691
22.000000	265.000000	-0.054295

0.687500	270.000000	0.003902
1.375000	270.000000	0.059825
2.062500	270.000000	0.081116
2.750000	270.000000	0.068261
3.437500	270.000000	0.039719
4.125000	270.000000	0.008491
4.812500	270.000000	-0.022608
5.500000	270.000000	-0.053469
6.187500	270.000000	-0.077198
6.875000	270.000000	-0.076575
7.562500	270.000000	-0.037718
8.250000	270.000000	0.024550
8.937500	270.000000	0.071165
9.625000	270.000000	0.079667
10.312500	270.000000	0.059468
11.000000	270.000000	0.028936
11.687500	270.000000	-0.002634
12.375000	270.000000	-0.034231
13.062500	270.000000	-0.064000
13.750000	270.000000	-0.080756
14.437500	270.000000	-0.065813
15.125000	270.000000	-0.014031
15.812500	270.000000	0.046840
16.500000	270.000000	0.079314
17.187500	270.000000	0.074503
17.875000	270.000000	0.048721
18.562500	270.000000	0.017861
19.250000	270.000000	-0.012889
19.937500	270.000000	-0.043839
20.625000	270.000000	-0.071245
21.312500	270.000000	-0.080764
22.000000	270.000000	-0.054570

0.687500	275.000000	0.003374
1.375000	275.000000	0.059491
2.062500	275.000000	0.081103
2.750000	275.000000	0.068455
3.437500	275.000000	0.039987
4.125000	275.000000	0.008792
4.812500	275.000000	-0.022261
5.500000	275.000000	-0.053112
6.187500	275.000000	-0.077015
6.875000	275.000000	-0.076856
7.562500	275.000000	-0.038530
8.250000	275.000000	0.023636
8.937500	275.000000	0.070674
9.625000	275.000000	0.079664
10.312500	275.000000	0.059658
11.000000	275.000000	0.029032
11.687500	275.000000	-0.002774
12.375000	275.000000	-0.034595
13.062500	275.000000	-0.064378
13.750000	275.000000	-0.080709
14.437500	275.000000	-0.064942
15.125000	275.000000	-0.012573
15.812500	275.000000	0.048012
16.500000	275.000000	0.079641
17.187500	275.000000	0.074198
17.875000	275.000000	0.048261
18.562500	275.000000	0.017541
19.250000	275.000000	-0.012993
19.937500	275.000000	-0.043781
20.625000	275.000000	-0.071168
21.312500	275.000000	-0.080867
22.000000	275.000000	-0.054967

0.687500	280.000000	0.002654
1.375000	280.000000	0.059030
2.062500	280.000000	0.081085
2.750000	280.000000	0.068734
3.437500	280.000000	0.040387
4.125000	280.000000	0.009272
4.812500	280.000000	-0.021676
5.500000	280.000000	-0.052489
6.187500	280.000000	-0.076685
6.875000	280.000000	-0.077340
7.562500	280.000000	-0.039967
8.250000	280.000000	0.021993
8.937500	280.000000	0.069771
9.625000	280.000000	0.079638
10.312500	280.000000	0.059995
11.000000	280.000000	0.029222
11.687500	280.000000	-0.002978
12.375000	280.000000	-0.035170
13.062500	280.000000	-0.064962
13.750000	280.000000	-0.080575
14.437500	280.000000	-0.063460
15.125000	280.000000	-0.010177
15.812500	280.000000	0.049884
16.500000	280.000000	0.080119
17.187500	280.000000	0.073666
17.875000	280.000000	0.047495
18.562500	280.000000	0.017006
19.250000	280.000000	-0.013187
19.937500	280.000000	-0.043722
20.625000	280.000000	-0.071063
21.312500	280.000000	-0.080998
22.000000	280.000000	-0.055501

0.687500	285.000000	0.001788
1.375000	285.000000	0.058465
2.062500	285.000000	0.081066
2.750000	285.000000	0.069107
3.437500	285.000000	0.040966
4.125000	285.000000	0.010041
4.812500	285.000000	-0.020655
5.500000	285.000000	-0.051345
6.187500	285.000000	-0.076037
6.875000	285.000000	-0.078187
7.562500	285.000000	-0.042638
8.250000	285.000000	0.018842
8.937500	285.000000	0.067961
9.625000	285.000000	0.079508
10.312500	285.000000	0.060611
11.000000	285.000000	0.029622
11.687500	285.000000	-0.003258
12.375000	285.000000	-0.036078
13.062500	285.000000	-0.065849
13.750000	285.000000	-0.080186
14.437500	285.000000	-0.060799
15.125000	285.000000	-0.006108
15.812500	285.000000	0.052917
16.500000	285.000000	0.080779
17.187500	285.000000	0.072690
17.875000	285.000000	0.046176
18.562500	285.000000	0.016079
19.250000	285.000000	-0.013571
19.937500	285.000000	-0.043707
20.625000	285.000000	-0.070940
21.312500	285.000000	-0.081136
22.000000	285.000000	-0.056125

0.687500	290.000000	0.001028
1.375000	290.000000	0.057934
2.062500	290.000000	0.081046
2.750000	290.000000	0.069531
3.437500	290.000000	0.041756
4.125000	290.000000	0.011307
4.812500	290.000000	-0.018753
5.500000	290.000000	-0.049049
6.187500	290.000000	-0.074572
6.875000	290.000000	-0.079644
7.562500	290.000000	-0.047952
8.250000	290.000000	0.012174
8.937500	290.000000	0.063806
9.625000	290.000000	0.078892
10.312500	290.000000	0.061751
11.000000	290.000000	0.030511
11.687500	290.000000	-0.003601
12.375000	290.000000	-0.037533
13.062500	290.000000	-0.067113
13.750000	290.000000	-0.078930
14.437500	290.000000	-0.055450
15.125000	290.000000	0.001345
15.812500	290.000000	0.058026
16.500000	290.000000	0.081545
17.187500	290.000000	0.070711
17.875000	290.000000	0.043743
18.562500	290.000000	0.014372
19.250000	290.000000	-0.014373
19.937500	290.000000	-0.043862
20.625000	290.000000	-0.070836
21.312500	290.000000	-0.081192
22.000000	290.000000	-0.056616

0.687500	295.000000	0.001021
1.375000	295.000000	0.057691
2.062500	295.000000	0.080875
2.750000	295.000000	0.069751
3.437500	295.000000	0.042714
4.125000	295.000000	0.013515
4.812500	295.000000	-0.014806
5.500000	295.000000	-0.043701
6.187500	295.000000	-0.070343
6.875000	295.000000	-0.081496
7.562500	295.000000	-0.059322
8.250000	295.000000	-0.004377
8.937500	295.000000	0.051605
9.625000	295.000000	0.075280
10.312500	295.000000	0.063410
11.000000	295.000000	0.032502
11.687500	295.000000	-0.003907
12.375000	295.000000	-0.039824
13.062500	295.000000	-0.068154
13.750000	295.000000	-0.073664
14.437500	295.000000	-0.041780
15.125000	295.000000	0.017420
15.812500	295.000000	0.067266
16.500000	295.000000	0.081541
17.187500	295.000000	0.065820
17.875000	295.000000	0.038569
18.562500	295.000000	0.010878
19.250000	295.000000	-0.016127
19.937500	295.000000	-0.044440
20.625000	295.000000	-0.070757
21.312500	295.000000	-0.080836
22.000000	295.000000	-0.056322

0.687500	300.000000	0.002575
1.375000	300.000000	0.056908
2.062500	300.000000	0.078792
2.750000	300.000000	0.068062
3.437500	300.000000	0.042853
4.125000	300.000000	0.017064
4.812500	300.000000	-0.005855
5.500000	300.000000	-0.028375
6.187500	300.000000	-0.052408
6.875000	300.000000	-0.073489
7.562500	300.000000	-0.078497
8.250000	300.000000	-0.054083
8.937500	300.000000	-0.005841
9.625000	300.000000	0.037272
10.312500	300.000000	0.049778
11.000000	300.000000	0.031135
11.687500	300.000000	-0.003347
12.375000	300.000000	-0.036298
13.062500	300.000000	-0.050307
13.750000	300.000000	-0.031599
14.437500	300.000000	0.014801
15.125000	300.000000	0.060437
15.812500	300.000000	0.079266
16.500000	300.000000	0.070312
17.187500	300.000000	0.048196
17.875000	300.000000	0.024784
18.562500	300.000000	0.003123
19.250000	300.000000	-0.019347
19.937500	300.000000	-0.044956
20.625000	300.000000	-0.069482
21.312500	300.000000	-0.078172
22.000000	300.000000	-0.053301

0.687500	305.000000	0.004147
1.375000	305.000000	0.047360
2.062500	305.000000	0.064302
2.750000	305.000000	0.054261
3.437500	305.000000	0.031391
4.125000	305.000000	0.008656
4.812500	305.000000	-0.007448
5.500000	305.000000	-0.015208
6.187500	305.000000	-0.016047
6.875000	305.000000	-0.014197
7.562500	305.000000	-0.015883
8.250000	305.000000	-0.026950
8.937500	305.000000	-0.049189
9.625000	305.000000	-0.075662
10.312500	305.000000	-0.087027
11.000000	305.000000	-0.060061
11.687500	305.000000	0.003655
12.375000	305.000000	0.064800
13.062500	305.000000	0.086987
13.750000	305.000000	0.072788
14.437500	305.000000	0.046125
15.125000	305.000000	0.025062
15.812500	305.000000	0.015319
16.500000	305.000000	0.014407
17.187500	305.000000	0.016212
17.875000	305.000000	0.014609
18.562500	305.000000	0.005678
19.250000	305.000000	-0.011604
19.937500	305.000000	-0.034921
20.625000	305.000000	-0.056763
21.312500	305.000000	-0.063301
22.000000	305.000000	-0.041498

0.687500	310.000000	0.005451
1.375000	310.000000	0.034735
2.062500	310.000000	0.046754
2.750000	310.000000	0.040498
3.437500	310.000000	0.024546
4.125000	310.000000	0.008072
4.812500	310.000000	-0.003401
5.500000	310.000000	-0.008226
6.187500	310.000000	-0.008019
6.875000	310.000000	-0.006834
7.562500	310.000000	-0.009441
8.250000	310.000000	-0.018923
8.937500	310.000000	-0.034467
9.625000	310.000000	-0.049779
10.312500	310.000000	-0.053473
11.000000	310.000000	-0.035451
11.687500	310.000000	0.001166
12.375000	310.000000	0.037227
13.062500	310.000000	0.054124
13.750000	310.000000	0.049634
14.437500	310.000000	0.034175
15.125000	310.000000	0.018883
15.812500	310.000000	0.009622
16.500000	310.000000	0.006825
17.187500	310.000000	0.007226
17.875000	310.000000	0.006136
18.562500	310.000000	-0.000193
19.250000	310.000000	-0.012880
19.937500	310.000000	-0.029463
20.625000	310.000000	-0.043288
21.312500	310.000000	-0.044605
22.000000	310.000000	-0.026630

0.687500	315.000000	0.008304
1.375000	315.000000	0.035416
2.062500	315.000000	0.045660
2.750000	315.000000	0.039290
3.437500	315.000000	0.024726
4.125000	315.000000	0.010372
4.812500	315.000000	0.000922
5.500000	315.000000	-0.002742
6.187500	315.000000	-0.002752
6.875000	315.000000	-0.003075
7.562500	315.000000	-0.007729
8.250000	315.000000	-0.018798
8.937500	315.000000	-0.034682
9.625000	315.000000	-0.048764
10.312500	315.000000	-0.050160
11.000000	315.000000	-0.030401
11.687500	315.000000	0.005640
12.375000	315.000000	0.039075
13.062500	315.000000	0.053422
13.750000	315.000000	0.047831
14.437500	315.000000	0.032300
15.125000	315.000000	0.016872
15.812500	315.000000	0.006724
16.500000	315.000000	0.002352
17.187500	315.000000	0.001132
17.875000	315.000000	-0.000900
18.562500	315.000000	-0.007144
19.250000	315.000000	-0.018761
19.937500	315.000000	-0.033406
20.625000	315.000000	-0.044535
21.312500	315.000000	-0.042955
22.000000	315.000000	-0.023229

0.687500	320.000000	0.005566
1.375000	320.000000	0.034886
2.062500	320.000000	0.046953
2.750000	320.000000	0.041493
3.437500	320.000000	0.027360
4.125000	320.000000	0.013506
4.812500	320.000000	0.004693
5.500000	320.000000	0.001363
6.187500	320.000000	0.000808
6.875000	320.000000	-0.001147
7.562500	320.000000	-0.008111
8.250000	320.000000	-0.021213
8.937500	320.000000	-0.037529
9.625000	320.000000	-0.049127
10.312500	320.000000	-0.045124
11.000000	320.000000	-0.020082
11.687500	320.000000	0.016527
12.375000	320.000000	0.044923
13.062500	320.000000	0.052687
13.750000	320.000000	0.042861
14.437500	320.000000	0.026036
15.125000	320.000000	0.011002
15.812500	320.000000	0.001800
16.500000	320.000000	-0.001556
17.187500	320.000000	-0.001787
17.875000	320.000000	-0.002902
18.562500	320.000000	-0.008442
19.250000	320.000000	-0.019787
19.937500	320.000000	-0.034812
20.625000	320.000000	-0.046989
21.312500	320.000000	-0.046625
22.000000	320.000000	-0.027230

0.687500	325.000000	-0.001664
1.375000	325.000000	0.031903
2.062500	325.000000	0.049590
2.750000	325.000000	0.047785
3.437500	325.000000	0.034664
4.125000	325.000000	0.020077
4.812500	325.000000	0.009582
5.500000	325.000000	0.003899
6.187500	325.000000	0.000456
6.875000	325.000000	-0.004602
7.562500	325.000000	-0.014299
8.250000	325.000000	-0.028839
8.937500	325.000000	-0.043924
9.625000	325.000000	-0.050384
10.312500	325.000000	-0.038399
11.000000	325.000000	-0.007511
11.687500	325.000000	0.027694
12.375000	325.000000	0.048540
13.062500	325.000000	0.048504
13.750000	325.000000	0.034483
14.437500	325.000000	0.016952
15.125000	325.000000	0.003161
15.812500	325.000000	-0.003891
16.500000	325.000000	-0.004603
17.187500	325.000000	-0.001977
17.875000	325.000000	-0.000441
18.562500	325.000000	-0.003985
19.250000	325.000000	-0.014394
19.937500	325.000000	-0.030041
20.625000	325.000000	-0.044973
21.312500	325.000000	-0.049262
22.000000	325.000000	-0.034102

0.687500	330.000000	0.016963
1.375000	330.000000	0.046201
2.062500	330.000000	0.055956
2.750000	330.000000	0.048009
3.437500	330.000000	0.032376
4.125000	330.000000	0.017747
4.812500	330.000000	0.007985
5.500000	330.000000	0.002792
6.187500	330.000000	-0.000669
6.875000	330.000000	-0.006060
7.562500	330.000000	-0.016132
8.250000	330.000000	-0.031023
8.937500	330.000000	-0.046642
9.625000	330.000000	-0.054093
10.312500	330.000000	-0.043432
11.000000	330.000000	-0.013454
11.687500	330.000000	0.021935
12.375000	330.000000	0.043743
13.062500	330.000000	0.044529
13.750000	330.000000	0.030711
14.437500	330.000000	0.012983
15.125000	330.000000	-0.000850
15.812500	330.000000	-0.007287
16.500000	330.000000	-0.006646
17.187500	330.000000	-0.002463
17.875000	330.000000	-0.000018
18.562500	330.000000	-0.003798
19.250000	330.000000	-0.015164
19.937500	330.000000	-0.031026
20.625000	330.000000	-0.043377
21.312500	330.000000	-0.041277
22.000000	330.000000	-0.018519

0.687500	335.000000	0.058793
1.375000	335.000000	0.053942
2.062500	335.000000	0.037556
2.750000	335.000000	0.019553
3.437500	335.000000	0.005805
4.125000	335.000000	-0.001500
4.812500	335.000000	-0.002612
5.500000	335.000000	0.000376
6.187500	335.000000	0.004065
6.875000	335.000000	0.004846
7.562500	335.000000	0.000119
8.250000	335.000000	-0.011012
8.937500	335.000000	-0.027370
9.625000	335.000000	-0.044851
10.312500	335.000000	-0.055469
11.000000	335.000000	-0.049484
11.687500	335.000000	-0.023520
12.375000	335.000000	0.011725
13.062500	335.000000	0.037734
13.750000	335.000000	0.044452
14.437500	335.000000	0.035902
15.125000	335.000000	0.021862
15.812500	335.000000	0.009256
16.500000	335.000000	-0.000311
17.187500	335.000000	-0.009022
17.875000	335.000000	-0.019927
18.562500	335.000000	-0.033663
19.250000	335.000000	-0.045707
19.937500	335.000000	-0.046345
20.625000	335.000000	-0.026977
21.312500	335.000000	0.008770
22.000000	335.000000	0.043012

0.687500	340.000000	0.056527
1.375000	340.000000	0.036274
2.062500	340.000000	0.009926
2.750000	340.000000	-0.013858
3.437500	340.000000	-0.030169
4.125000	340.000000	-0.034686
4.812500	340.000000	-0.024538
5.500000	340.000000	-0.002644
6.187500	340.000000	0.020914
6.875000	340.000000	0.035004
7.562500	340.000000	0.034827
8.250000	340.000000	0.022302
8.937500	340.000000	0.001486
9.625000	340.000000	-0.023935
10.312500	340.000000	-0.048512
11.000000	340.000000	-0.061371
11.687500	340.000000	-0.048793
12.375000	340.000000	-0.008477
13.062500	340.000000	0.039192
13.750000	340.000000	0.066981
14.437500	340.000000	0.066598
15.125000	340.000000	0.048819
15.812500	340.000000	0.026583
16.500000	340.000000	0.005577
17.187500	340.000000	-0.014809
17.875000	340.000000	-0.036657
18.562500	340.000000	-0.058263
19.250000	340.000000	-0.070343
19.937500	340.000000	-0.058953
20.625000	340.000000	-0.019956
21.312500	340.000000	0.027985
22.000000	340.000000	0.056969

0.687500	345.000000	0.031828
1.375000	345.000000	0.039285
2.062500	345.000000	0.021881
2.750000	345.000000	-0.007104
3.437500	345.000000	-0.032691
4.125000	345.000000	-0.040891
4.812500	345.000000	-0.023199
5.500000	345.000000	0.013394
6.187500	345.000000	0.046699
6.875000	345.000000	0.057998
7.562500	345.000000	0.045743
8.250000	345.000000	0.019096
8.937500	345.000000	-0.012695
9.625000	345.000000	-0.041533
10.312500	345.000000	-0.056039
11.000000	345.000000	-0.043193
11.687500	345.000000	-0.002412
12.375000	345.000000	0.044269
13.062500	345.000000	0.069767
13.750000	345.000000	0.067273
14.437500	345.000000	0.048803
15.125000	345.000000	0.028248
15.812500	345.000000	0.012521
16.500000	345.000000	0.002009
17.187500	345.000000	-0.006464
17.875000	345.000000	-0.017027
18.562500	345.000000	-0.032458
19.250000	345.000000	-0.051773
19.937500	345.000000	-0.067882
20.625000	345.000000	-0.068159
21.312500	345.000000	-0.043399
22.000000	345.000000	-0.001892

0.687500	350.000000	-0.068157
1.375000	350.000000	-0.082969
2.062500	350.000000	-0.065754
2.750000	350.000000	-0.011378
3.437500	350.000000	0.050747
4.125000	350.000000	0.082790
4.812500	350.000000	0.077521
5.500000	350.000000	0.052895
6.187500	350.000000	0.025685
6.875000	350.000000	0.001593
7.562500	350.000000	-0.020204
8.250000	350.000000	-0.039709
8.937500	350.000000	-0.051100
9.625000	350.000000	-0.043900
10.312500	350.000000	-0.013385
11.000000	350.000000	0.028086
11.687500	350.000000	0.057837
12.375000	350.000000	0.063668
13.062500	350.000000	0.050730
13.750000	350.000000	0.030721
14.437500	350.000000	0.012032
15.125000	350.000000	-0.001924
15.812500	350.000000	-0.010634
16.500000	350.000000	-0.014618
17.187500	350.000000	-0.014674
17.875000	350.000000	-0.011813
18.562500	350.000000	-0.007462
19.250000	350.000000	-0.003585
19.937500	350.000000	-0.002666
20.625000	350.000000	-0.007476
21.312500	350.000000	-0.020515
22.000000	350.000000	-0.042380

0.687500	355.000000	-0.040704
1.375000	355.000000	-0.019159
2.062500	355.000000	0.024143
2.750000	355.000000	0.063522
3.437500	355.000000	0.078036
4.125000	355.000000	0.068341
4.812500	355.000000	0.047295
5.500000	355.000000	0.024993
6.187500	355.000000	0.004107
6.875000	355.000000	-0.017394
7.562500	355.000000	-0.041411
8.250000	355.000000	-0.064495
8.937500	355.000000	-0.074380
9.625000	355.000000	-0.055486
10.312500	355.000000	-0.007637
11.000000	355.000000	0.043162
11.687500	355.000000	0.067792
12.375000	355.000000	0.061710
13.062500	355.000000	0.039345
13.750000	355.000000	0.014479
14.437500	355.000000	-0.007475
15.125000	355.000000	-0.026630
15.812500	355.000000	-0.043476
16.500000	355.000000	-0.055064
17.187500	355.000000	-0.054677
17.875000	355.000000	-0.037220
18.562500	355.000000	-0.007670
19.250000	355.000000	0.018393
19.937500	355.000000	0.026679
20.625000	355.000000	0.014605
21.312500	355.000000	-0.009968
22.000000	355.000000	-0.033756

0.687500	360.000000	0.081165
1.375000	360.000000	0.056863
2.062500	360.000000	0.030895
2.750000	360.000000	0.014578
3.437500	360.000000	0.009579
4.125000	360.000000	0.012261
4.812500	360.000000	0.016869
5.500000	360.000000	0.018121
6.187500	360.000000	0.012789
6.875000	360.000000	-0.000202
7.562500	360.000000	-0.020170
8.250000	360.000000	-0.043703
8.937500	360.000000	-0.062134
9.625000	360.000000	-0.061591
10.312500	360.000000	-0.032870
11.000000	360.000000	0.013271
11.687500	360.000000	0.049663
12.375000	360.000000	0.058707
13.062500	360.000000	0.045013
13.750000	360.000000	0.023148
14.437500	360.000000	0.004247
15.125000	360.000000	-0.007248
15.812500	360.000000	-0.012224
16.500000	360.000000	-0.015300
17.187500	360.000000	-0.022885
17.875000	360.000000	-0.039811
18.562500	360.000000	-0.064626
19.250000	360.000000	-0.084398
19.937500	360.000000	-0.075976
20.625000	360.000000	-0.026358
21.312500	360.000000	0.040663
22.000000	360.000000	0.081663

0.687500	365.000000	0.042691
1.375000	365.000000	0.040267
2.062500	365.000000	0.026669
2.750000	365.000000	0.014204
3.437500	365.000000	0.009956
4.125000	365.000000	0.014314
4.812500	365.000000	0.022513
5.500000	365.000000	0.028193
6.187500	365.000000	0.027099
6.875000	365.000000	0.018275
7.562500	365.000000	0.002745
8.250000	365.000000	-0.017768
8.937500	365.000000	-0.040065
9.625000	365.000000	-0.057037
10.312500	365.000000	-0.057416
11.000000	365.000000	-0.033376
11.687500	365.000000	0.007164
12.375000	365.000000	0.041978
13.062500	365.000000	0.054634
13.750000	365.000000	0.046901
14.437500	365.000000	0.030506
15.125000	365.000000	0.015091
15.812500	365.000000	0.004084
16.500000	365.000000	-0.003944
17.187500	365.000000	-0.012612
17.875000	365.000000	-0.025115
18.562500	365.000000	-0.041785
19.250000	365.000000	-0.057908
19.937500	365.000000	-0.063318
20.625000	365.000000	-0.047810
21.312500	365.000000	-0.012866
22.000000	365.000000	0.023734

0.687500	370.000000	-0.035703
1.375000	370.000000	0.013391
2.062500	370.000000	0.052577
2.750000	370.000000	0.064292
3.437500	370.000000	0.054250
4.125000	370.000000	0.037858
4.812500	370.000000	0.025744
5.500000	370.000000	0.020430
6.187500	370.000000	0.019013
6.875000	370.000000	0.016750
7.562500	370.000000	0.009756
8.250000	370.000000	-0.003802
8.937500	370.000000	-0.023288
9.625000	370.000000	-0.044541
10.312500	370.000000	-0.058265
11.000000	370.000000	-0.052101
11.687500	370.000000	-0.021212
12.375000	370.000000	0.020688
13.062500	370.000000	0.049744
13.750000	370.000000	0.054118
14.437500	370.000000	0.040202
15.125000	370.000000	0.020721
15.812500	370.000000	0.004667
16.500000	370.000000	-0.004531
17.187500	370.000000	-0.007516
17.875000	370.000000	-0.007574
18.562500	370.000000	-0.009258
19.250000	370.000000	-0.016713
19.937500	370.000000	-0.031840
20.625000	370.000000	-0.052243
21.312500	370.000000	-0.068869
22.000000	370.000000	-0.066744

0.687500	375.000000	-0.036974
1.375000	375.000000	0.000576
2.062500	375.000000	0.038984
2.750000	375.000000	0.057774
3.437500	375.000000	0.053681
4.125000	375.000000	0.037404
4.812500	375.000000	0.020674
5.500000	375.000000	0.009726
6.187500	375.000000	0.005293
6.875000	375.000000	0.004493
7.562500	375.000000	0.002948
8.250000	375.000000	-0.003113
8.937500	375.000000	-0.015236
9.625000	375.000000	-0.031656
10.312500	375.000000	-0.046425
11.000000	375.000000	-0.049939
11.687500	375.000000	-0.034287
12.375000	375.000000	-0.002676
13.062500	375.000000	0.028668
13.750000	375.000000	0.043744
14.437500	375.000000	0.039763
15.125000	375.000000	0.024974
15.812500	375.000000	0.009270
16.500000	375.000000	-0.001111
17.187500	375.000000	-0.004370
17.875000	375.000000	-0.002573
18.562500	375.000000	-0.000437
19.250000	375.000000	-0.003084
19.937500	375.000000	-0.013505
20.625000	375.000000	-0.030649
21.312500	375.000000	-0.048048
22.000000	375.000000	-0.053887

0.687500	380.000000	-0.009373
1.375000	380.000000	0.027310
2.062500	380.000000	0.050814
2.750000	380.000000	0.052806
3.437500	380.000000	0.039429
4.125000	380.000000	0.021457
4.812500	380.000000	0.006656
5.500000	380.000000	-0.001545
6.187500	380.000000	-0.003043
6.875000	380.000000	-0.000223
7.562500	380.000000	0.002984
8.250000	380.000000	0.002604
8.937500	380.000000	-0.003870
9.625000	380.000000	-0.016664
10.312500	380.000000	-0.033223
11.000000	380.000000	-0.047468
11.687500	380.000000	-0.050222
12.375000	380.000000	-0.034238
13.062500	380.000000	-0.002959
13.750000	380.000000	0.028093
14.437500	380.000000	0.043941
15.125000	380.000000	0.042163
15.812500	380.000000	0.030552
16.500000	380.000000	0.017880
17.187500	380.000000	0.008591
17.875000	380.000000	0.002447
18.562500	380.000000	-0.003614
19.250000	380.000000	-0.013004
19.937500	380.000000	-0.026912
20.625000	380.000000	-0.042052
21.312500	380.000000	-0.049750
22.000000	380.000000	-0.039567

0.687500	385.000000	-0.005740
1.375000	385.000000	0.032781
2.062500	385.000000	0.051228
2.750000	385.000000	0.045675
3.437500	385.000000	0.026067
4.125000	385.000000	0.003946
4.812500	385.000000	-0.013047
5.500000	385.000000	-0.020517
6.187500	385.000000	-0.016767
6.875000	385.000000	-0.004169
7.562500	385.000000	0.010461
8.250000	385.000000	0.019113
8.937500	385.000000	0.017035
9.625000	385.000000	0.004131
10.312500	385.000000	-0.016358
11.000000	385.000000	-0.038306
11.687500	385.000000	-0.051546
12.375000	385.000000	-0.043994
13.062500	385.000000	-0.012076
13.750000	385.000000	0.029488
14.437500	385.000000	0.057480
15.125000	385.000000	0.061565
15.812500	385.000000	0.048707
16.500000	385.000000	0.030838
17.187500	385.000000	0.015160
17.875000	385.000000	0.002768
18.562500	385.000000	-0.008896
19.250000	385.000000	-0.023021
19.937500	385.000000	-0.040414
20.625000	385.000000	-0.056660
21.312500	385.000000	-0.061295
22.000000	385.000000	-0.043638

0.687500	390.000000	-0.058803
1.375000	390.000000	-0.037119
2.062500	390.000000	-0.004234
2.750000	390.000000	0.021720
3.437500	390.000000	0.028497
4.125000	390.000000	0.018303
4.812500	390.000000	0.001838
5.500000	390.000000	-0.010447
6.187500	390.000000	-0.012803
6.875000	390.000000	-0.005948
7.562500	390.000000	0.003454
8.250000	390.000000	0.007091
8.937500	390.000000	0.000805
9.625000	390.000000	-0.012505
10.312500	390.000000	-0.023784
11.000000	390.000000	-0.021819
11.687500	390.000000	-0.001172
12.375000	390.000000	0.030210
13.062500	390.000000	0.055168
13.750000	390.000000	0.062264
14.437500	390.000000	0.053258
15.125000	390.000000	0.037008
15.812500	390.000000	0.021325
16.500000	390.000000	0.010074
17.187500	390.000000	0.003771
17.875000	390.000000	0.000756
18.562500	390.000000	-0.001803
19.250000	390.000000	-0.006925
19.937500	390.000000	-0.016777
20.625000	390.000000	-0.031654
21.312500	390.000000	-0.048737
22.000000	390.000000	-0.061009

0.687500	395.000000	-0.017695
1.375000	395.000000	-0.036238
2.062500	395.000000	-0.055580
2.750000	395.000000	-0.068003
3.437500	395.000000	-0.063259
4.125000	395.000000	-0.037760
4.812500	395.000000	-0.003639
5.500000	395.000000	0.018172
6.187500	395.000000	0.016714
6.875000	395.000000	-0.001561
7.562500	395.000000	-0.020051
8.250000	395.000000	-0.021641
8.937500	395.000000	0.001080
9.625000	395.000000	0.037184
10.312500	395.000000	0.064489
11.000000	395.000000	0.069819
11.687500	395.000000	0.056917
12.375000	395.000000	0.036736
13.062500	395.000000	0.017496
13.750000	395.000000	0.002557
14.437500	395.000000	-0.007603
15.125000	395.000000	-0.013321
15.812500	395.000000	-0.014805
16.500000	395.000000	-0.012198
17.187500	395.000000	-0.006156
17.875000	395.000000	0.001736
18.562500	395.000000	0.009238
19.250000	395.000000	0.014295
19.937500	395.000000	0.015748
20.625000	395.000000	0.013333
21.312500	395.000000	0.007106
22.000000	395.000000	-0.003111

0.687500	400.000000	0.003521
1.375000	400.000000	0.004706
2.062500	400.000000	0.005125
2.750000	400.000000	-0.000014
3.437500	400.000000	-0.014068
4.125000	400.000000	-0.036901
4.812500	400.000000	-0.061967
5.500000	400.000000	-0.073751
6.187500	400.000000	-0.053993
6.875000	400.000000	-0.002682
7.562500	400.000000	0.050497
8.250000	400.000000	0.073884
8.937500	400.000000	0.064545
9.625000	400.000000	0.040031
10.312500	400.000000	0.016571
11.000000	400.000000	0.001355
11.687500	400.000000	-0.005242
12.375000	400.000000	-0.006508
13.062500	400.000000	-0.007132
13.750000	400.000000	-0.011183
14.437500	400.000000	-0.020279
15.125000	400.000000	-0.032398
15.812500	400.000000	-0.041522
16.500000	400.000000	-0.039408
17.187500	400.000000	-0.021279
17.875000	400.000000	0.007434
18.562500	400.000000	0.032678
19.250000	400.000000	0.043238
19.937500	400.000000	0.038725
20.625000	400.000000	0.026335
21.312500	400.000000	0.013822
22.000000	400.000000	0.005862

0.687500	405.000000	0.014142
1.375000	405.000000	0.015142
2.062500	405.000000	0.013084
2.750000	405.000000	0.004957
3.437500	405.000000	-0.009932
4.125000	405.000000	-0.029258
4.812500	405.000000	-0.046506
5.500000	405.000000	-0.050937
6.187500	405.000000	-0.033381
6.875000	405.000000	0.002422
7.562500	405.000000	0.037415
8.250000	405.000000	0.053359
8.937500	405.000000	0.047902
9.625000	405.000000	0.030776
10.312500	405.000000	0.012433
11.000000	405.000000	-0.001316
11.687500	405.000000	-0.009067
12.375000	405.000000	-0.012396
13.062500	405.000000	-0.014649
13.750000	405.000000	-0.019509
14.437500	405.000000	-0.029091
15.125000	405.000000	-0.041969
15.812500	405.000000	-0.051873
16.500000	405.000000	-0.049151
17.187500	405.000000	-0.027705
17.875000	405.000000	0.006131
18.562500	405.000000	0.035383
19.250000	405.000000	0.047182
19.937500	405.000000	0.042330
20.625000	405.000000	0.030177
21.312500	405.000000	0.019515
22.000000	405.000000	0.014390

0.687500	410.000000	0.010662
1.375000	410.000000	0.007787
2.062500	410.000000	0.004246
2.750000	410.000000	-0.003685
3.437500	410.000000	-0.017247
4.125000	410.000000	-0.033821
4.812500	410.000000	-0.046072
5.500000	410.000000	-0.043696
6.187500	410.000000	-0.021005
6.875000	410.000000	0.013875
7.562500	410.000000	0.042198
8.250000	410.000000	0.050961
8.937500	410.000000	0.041809
9.625000	410.000000	0.024468
10.312500	410.000000	0.007717
11.000000	410.000000	-0.003701
11.687500	410.000000	-0.008523
12.375000	410.000000	-0.008170
13.062500	410.000000	-0.006171
13.750000	410.000000	-0.006994
14.437500	410.000000	-0.014210
15.125000	410.000000	-0.028644
15.812500	410.000000	-0.046668
16.500000	410.000000	-0.058912
17.187500	410.000000	-0.052664
17.875000	410.000000	-0.022292
18.562500	410.000000	0.019675
19.250000	410.000000	0.050032
19.937500	410.000000	0.056684
20.625000	410.000000	0.045643
21.312500	410.000000	0.029571
22.000000	410.000000	0.017149

0.687500	415.000000	0.005527
1.375000	415.000000	-0.000961
2.062500	415.000000	-0.007853
2.750000	415.000000	-0.018277
3.437500	415.000000	-0.032679
4.125000	415.000000	-0.046837
4.812500	415.000000	-0.051543
5.500000	415.000000	-0.037389
6.187500	415.000000	-0.005125
6.875000	415.000000	0.029658
7.562500	415.000000	0.048705
8.250000	415.000000	0.046662
8.937500	415.000000	0.030910
9.625000	415.000000	0.011645
10.312500	415.000000	-0.004056
11.000000	415.000000	-0.012587
11.687500	415.000000	-0.013065
12.375000	415.000000	-0.007504
13.062500	415.000000	-0.000697
13.750000	415.000000	0.001628
14.437500	415.000000	-0.004380
15.125000	415.000000	-0.018761
15.812500	415.000000	-0.036836
16.500000	415.000000	-0.048822
17.187500	415.000000	-0.042648
17.875000	415.000000	-0.013743
18.562500	415.000000	0.025452
19.250000	415.000000	0.053244
19.937500	415.000000	0.058551
20.625000	415.000000	0.046865
21.312500	415.000000	0.029737
22.000000	415.000000	0.015179

0.687500	420.000000	0.002751
1.375000	420.000000	0.001263
2.062500	420.000000	-0.003164
2.750000	420.000000	-0.012889
3.437500	420.000000	-0.028072
4.125000	420.000000	-0.045257
4.812500	420.000000	-0.056267
5.500000	420.000000	-0.050486
6.187500	420.000000	-0.023745
6.875000	420.000000	0.012830
7.562500	420.000000	0.039196
8.250000	420.000000	0.044246
8.937500	420.000000	0.032189
9.625000	420.000000	0.013828
10.312500	420.000000	-0.002177
11.000000	420.000000	-0.011726
11.687500	420.000000	-0.014761
12.375000	420.000000	-0.014424
13.062500	420.000000	-0.015462
13.750000	420.000000	-0.021356
14.437500	420.000000	-0.031206
15.125000	420.000000	-0.038240
15.812500	420.000000	-0.032300
16.500000	420.000000	-0.008110
17.187500	420.000000	0.026159
17.875000	420.000000	0.052954
18.562500	420.000000	0.060851
19.250000	420.000000	0.052088
19.937500	420.000000	0.035997
20.625000	420.000000	0.020645
21.312500	420.000000	0.010012
22.000000	420.000000	0.004635

0.687500	425.000000	0.009333
1.375000	425.000000	0.019491
2.062500	425.000000	0.022170
2.750000	425.000000	0.016505
3.437500	425.000000	0.003539
4.125000	425.000000	-0.015215
4.812500	425.000000	-0.037218
5.500000	425.000000	-0.056302
6.187500	425.000000	-0.061157
6.875000	425.000000	-0.041155
7.562500	425.000000	0.000040
8.250000	425.000000	0.040676
8.937500	425.000000	0.059877
9.625000	425.000000	0.055343
10.312500	425.000000	0.037803
11.000000	425.000000	0.016978
11.687500	425.000000	-0.004012
12.375000	425.000000	-0.026160
13.062500	425.000000	-0.049122
13.750000	425.000000	-0.065988
14.437500	425.000000	-0.062946
15.125000	425.000000	-0.030612
15.812500	425.000000	0.018955
16.500000	425.000000	0.056765
17.187500	425.000000	0.065097
17.875000	425.000000	0.049622
18.562500	425.000000	0.025288
19.250000	425.000000	0.002938
19.937500	425.000000	-0.012402
20.625000	425.000000	-0.018625
21.312500	425.000000	-0.015246
22.000000	425.000000	-0.004262

0.687500	430.000000	0.035778
1.375000	430.000000	0.061152
2.062500	430.000000	0.061016
2.750000	430.000000	0.042565
3.437500	430.000000	0.015873
4.125000	430.000000	-0.013674
4.812500	430.000000	-0.042717
5.500000	430.000000	-0.063251
6.187500	430.000000	-0.060680
6.875000	430.000000	-0.025670
7.562500	430.000000	0.027365
8.250000	430.000000	0.066608
8.937500	430.000000	0.074497
9.625000	430.000000	0.058954
10.312500	430.000000	0.036130
11.000000	430.000000	0.015635
11.687500	430.000000	-0.001229
12.375000	430.000000	-0.017617
13.062500	430.000000	-0.036854
13.750000	430.000000	-0.058341
14.437500	430.000000	-0.074053
15.125000	430.000000	-0.069644
15.812500	430.000000	-0.036630
16.500000	430.000000	0.011532
17.187500	430.000000	0.045869
17.875000	430.000000	0.049676
18.562500	430.000000	0.028600
19.250000	430.000000	-0.003065
19.937500	430.000000	-0.032783
20.625000	430.000000	-0.048845
21.312500	430.000000	-0.040182
22.000000	430.000000	-0.006015

0.687500	435.000000	0.043586
1.375000	435.000000	0.028689
2.062500	435.000000	0.017379
2.750000	435.000000	0.004905
3.437500	435.000000	-0.012312
4.125000	435.000000	-0.034314
4.812500	435.000000	-0.055123
5.500000	435.000000	-0.061733
6.187500	435.000000	-0.041084
6.875000	435.000000	0.003526
7.562500	435.000000	0.047171
8.250000	435.000000	0.065919
8.937500	435.000000	0.058010
9.625000	435.000000	0.036925
10.312500	435.000000	0.015311
11.000000	435.000000	-0.000922
11.687500	435.000000	-0.010790
12.375000	435.000000	-0.015452
13.062500	435.000000	-0.016709
13.750000	435.000000	-0.016581
14.437500	435.000000	-0.017435
15.125000	435.000000	-0.022167
15.812500	435.000000	-0.033820
16.500000	435.000000	-0.053635
17.187500	435.000000	-0.076738
17.875000	435.000000	-0.087379
18.562500	435.000000	-0.064047
19.250000	435.000000	-0.003884
19.937500	435.000000	0.060383
20.625000	435.000000	0.091586
21.312500	435.000000	0.086218
22.000000	435.000000	0.064516

0.687500	440.000000	0.010772
1.375000	440.000000	0.002903
2.062500	440.000000	-0.004755
2.750000	440.000000	-0.016053
3.437500	440.000000	-0.032541
4.125000	440.000000	-0.050675
4.812500	440.000000	-0.060060
5.500000	440.000000	-0.047474
6.187500	440.000000	-0.010245
6.875000	440.000000	0.033719
7.562500	440.000000	0.059611
8.250000	440.000000	0.058805
8.937500	440.000000	0.040275
9.625000	440.000000	0.016388
10.312500	440.000000	-0.005431
11.000000	440.000000	-0.022027
11.687500	440.000000	-0.031582
12.375000	440.000000	-0.032746
13.062500	440.000000	-0.026294
13.750000	440.000000	-0.016902
14.437500	440.000000	-0.011789
15.125000	440.000000	-0.016116
15.812500	440.000000	-0.028617
16.500000	440.000000	-0.040175
17.187500	440.000000	-0.036970
17.875000	440.000000	-0.010748
18.562500	440.000000	0.029243
19.250000	440.000000	0.060650
19.937500	440.000000	0.069039
20.625000	440.000000	0.057944
21.312500	440.000000	0.039344
22.000000	440.000000	0.022506

0.687500	445.000000	0.009952
1.375000	445.000000	0.010199
2.062500	445.000000	0.003132
2.750000	445.000000	-0.011720
3.437500	445.000000	-0.031608
4.125000	445.000000	-0.049383
4.812500	445.000000	-0.053447
5.500000	445.000000	-0.034126
6.187500	445.000000	0.004000
6.875000	445.000000	0.040118
7.562500	445.000000	0.055362
8.250000	445.000000	0.048371
8.937500	445.000000	0.030076
9.625000	445.000000	0.011451
10.312500	445.000000	-0.001786
11.000000	445.000000	-0.008860
11.687500	445.000000	-0.012563
12.375000	445.000000	-0.017724
13.062500	445.000000	-0.028860
13.750000	445.000000	-0.046797
14.437500	445.000000	-0.064945
15.125000	445.000000	-0.068201
15.812500	445.000000	-0.041978
16.500000	445.000000	0.008460
17.187500	445.000000	0.054229
17.875000	445.000000	0.070837
18.562500	445.000000	0.059656
19.250000	445.000000	0.036971
19.937500	445.000000	0.016605
20.625000	445.000000	0.004820
21.312500	445.000000	0.002176
22.000000	445.000000	0.005584

0.687500	450.000000	0.010926
1.375000	450.000000	0.013005
2.062500	450.000000	0.006793
2.750000	450.000000	-0.007498
3.437500	450.000000	-0.026051
4.125000	450.000000	-0.041377
4.812500	450.000000	-0.043265
5.500000	450.000000	-0.024740
6.187500	450.000000	0.008665
6.875000	450.000000	0.039283
7.562500	450.000000	0.052287
8.250000	450.000000	0.047051
8.937500	450.000000	0.032652
9.625000	450.000000	0.018146
10.312500	450.000000	0.008042
11.000000	450.000000	0.002446
11.687500	450.000000	-0.001367
12.375000	450.000000	-0.007145
13.062500	450.000000	-0.017836
13.750000	450.000000	-0.033800
14.437500	450.000000	-0.051044
15.125000	450.000000	-0.060301
15.812500	450.000000	-0.050592
16.500000	450.000000	-0.019744
17.187500	450.000000	0.017804
17.875000	450.000000	0.041311
18.562500	450.000000	0.042472
19.250000	450.000000	0.028538
19.937500	450.000000	0.011679
20.625000	450.000000	0.000690
21.312500	450.000000	-0.001164
22.000000	450.000000	0.004137

0.687500	455.000000	0.004466
1.375000	455.000000	-0.007106
2.062500	455.000000	-0.020282
2.750000	455.000000	-0.034189
3.437500	455.000000	-0.042882
4.125000	455.000000	-0.037212
4.812500	455.000000	-0.012796
5.500000	455.000000	0.021577
6.187500	455.000000	0.048167
6.875000	455.000000	0.055681
7.562500	455.000000	0.046433
8.250000	455.000000	0.029633
8.937500	455.000000	0.013259
9.625000	455.000000	0.001575
10.312500	455.000000	-0.004017
11.000000	455.000000	-0.004037
11.687500	455.000000	-0.000566
12.375000	455.000000	0.003243
13.062500	455.000000	0.004149
13.750000	455.000000	-0.000189
14.437500	455.000000	-0.010788
15.125000	455.000000	-0.027146
15.812500	455.000000	-0.046323
16.500000	455.000000	-0.061217
17.187500	455.000000	-0.060891
17.875000	455.000000	-0.037747
18.562500	455.000000	0.001257
19.250000	455.000000	0.035710
19.937500	455.000000	0.049927
20.625000	455.000000	0.044841
21.312500	455.000000	0.030886
22.000000	455.000000	0.016583

0.687500	460.000000	0.004574
1.375000	460.000000	-0.020049
2.062500	460.000000	-0.045052
2.750000	460.000000	-0.066315
3.437500	460.000000	-0.071739
4.125000	460.000000	-0.048439
4.812500	460.000000	-0.000710
5.500000	460.000000	0.044620
6.187500	460.000000	0.062824
6.875000	460.000000	0.052784
7.562500	460.000000	0.028291
8.250000	460.000000	0.001449
8.937500	460.000000	-0.021761
9.625000	460.000000	-0.037586
10.312500	460.000000	-0.041149
11.000000	460.000000	-0.028372
11.687500	460.000000	-0.002132
12.375000	460.000000	0.025659
13.062500	460.000000	0.041964
13.750000	460.000000	0.041959
14.437500	460.000000	0.028889
15.125000	460.000000	0.007775
15.812500	460.000000	-0.018026
16.500000	460.000000	-0.044663
17.187500	460.000000	-0.062975
17.875000	460.000000	-0.058211
18.562500	460.000000	-0.022433
19.250000	460.000000	0.028845
19.937500	460.000000	0.065143
20.625000	460.000000	0.070965
21.312500	460.000000	0.054292
22.000000	460.000000	0.029578

0.687500	465.000000	0.003306
1.375000	465.000000	-0.009278
2.062500	465.000000	-0.024373
2.750000	465.000000	-0.044155
3.437500	465.000000	-0.065008
4.125000	465.000000	-0.075184
4.812500	465.000000	-0.059778
5.500000	465.000000	-0.017214
6.187500	465.000000	0.029795
6.875000	465.000000	0.052907
7.562500	465.000000	0.044392
8.250000	465.000000	0.015413
8.937500	465.000000	-0.019670
9.625000	465.000000	-0.048077
10.312500	465.000000	-0.055576
11.000000	465.000000	-0.031608
11.687500	465.000000	0.015198
12.375000	465.000000	0.056257
13.062500	465.000000	0.069167
13.750000	465.000000	0.054894
14.437500	465.000000	0.026291
15.125000	465.000000	-0.006810
15.812500	465.000000	-0.038930
16.500000	465.000000	-0.061969
17.187500	465.000000	-0.061659
17.875000	465.000000	-0.028168
18.562500	465.000000	0.024959
19.250000	465.000000	0.065547
19.937500	465.000000	0.074677
20.625000	465.000000	0.059678
21.312500	465.000000	0.037210
22.000000	465.000000	0.017767

0.687500	470.000000	-0.008802
1.375000	470.000000	-0.013564
2.062500	470.000000	-0.015027
2.750000	470.000000	-0.015189
3.437500	470.000000	-0.015996
4.125000	470.000000	-0.019534
4.812500	470.000000	-0.028165
5.500000	470.000000	-0.043706
6.187500	470.000000	-0.064610
6.875000	470.000000	-0.081314
7.562500	470.000000	-0.075346
8.250000	470.000000	-0.033290
8.937500	470.000000	0.029959
9.625000	470.000000	0.077455
10.312500	470.000000	0.089068
11.000000	470.000000	0.074936
11.687500	470.000000	0.053746
12.375000	470.000000	0.035655
13.062500	470.000000	0.021416
13.750000	470.000000	0.007445
14.437500	470.000000	-0.009914
15.125000	470.000000	-0.031369
15.812500	470.000000	-0.051998
16.500000	470.000000	-0.059976
17.187500	470.000000	-0.042474
17.875000	470.000000	-0.000834
18.562500	470.000000	0.042532
19.250000	470.000000	0.063538
19.937500	470.000000	0.058196
20.625000	470.000000	0.038587
21.312500	470.000000	0.017416
22.000000	470.000000	0.001162

0.687500	475.000000	-0.032587
1.375000	475.000000	-0.035912
2.062500	475.000000	-0.030225
2.750000	475.000000	-0.019084
3.437500	475.000000	-0.010012
4.125000	475.000000	-0.010092
4.812500	475.000000	-0.020620
5.500000	475.000000	-0.034691
6.187500	475.000000	-0.038857
6.875000	475.000000	-0.020991
7.562500	475.000000	0.016536
8.250000	475.000000	0.053666
8.937500	475.000000	0.070592
9.625000	475.000000	0.064897
10.312500	475.000000	0.047320
11.000000	475.000000	0.028888
11.687500	475.000000	0.014893
12.375000	475.000000	0.005314
13.062500	475.000000	-0.002995
13.750000	475.000000	-0.014034
14.437500	475.000000	-0.030190
15.125000	475.000000	-0.049343
15.812500	475.000000	-0.062376
16.500000	475.000000	-0.055304
17.187500	475.000000	-0.021445
17.875000	475.000000	0.024921
18.562500	475.000000	0.057107
19.250000	475.000000	0.061570
19.937500	475.000000	0.045101
20.625000	475.000000	0.020924
21.312500	475.000000	-0.002243
22.000000	475.000000	-0.020729

0.687500	480.000000	-0.010309
1.375000	480.000000	-0.016367
2.062500	480.000000	-0.027934
2.750000	480.000000	-0.046524
3.437500	480.000000	-0.066250
4.125000	480.000000	-0.071938
4.812500	480.000000	-0.047352
5.500000	480.000000	0.004255
6.187500	480.000000	0.053353
6.875000	480.000000	0.072594
7.562500	480.000000	0.061922
8.250000	480.000000	0.038306
8.937500	480.000000	0.016657
9.625000	480.000000	0.003909
10.312500	480.000000	0.001016
11.000000	480.000000	0.005123
11.687500	480.000000	0.011121
12.375000	480.000000	0.013658
13.062500	480.000000	0.009155
13.750000	480.000000	-0.003418
14.437500	480.000000	-0.022507
15.125000	480.000000	-0.043187
15.812500	480.000000	-0.055778
16.500000	480.000000	-0.048299
17.187500	480.000000	-0.017074
17.875000	480.000000	0.023481
18.562500	480.000000	0.050400
19.250000	480.000000	0.053294
19.937500	480.000000	0.039049
20.625000	480.000000	0.020017
21.312500	480.000000	0.004532
22.000000	480.000000	-0.004905

0.687500	485.000000	0.000131
1.375000	485.000000	-0.006296
2.062500	485.000000	-0.015975
2.750000	485.000000	-0.030573
3.437500	485.000000	-0.048020
4.125000	485.000000	-0.061005
4.812500	485.000000	-0.058529
5.500000	485.000000	-0.034308
6.187500	485.000000	0.002745
6.875000	485.000000	0.032117
7.562500	485.000000	0.040211
8.250000	485.000000	0.030041
8.937500	485.000000	0.013608
9.625000	485.000000	0.001745
10.312500	485.000000	-0.000165
11.000000	485.000000	0.007011
11.687500	485.000000	0.017312
12.375000	485.000000	0.023358
13.062500	485.000000	0.020509
13.750000	485.000000	0.008230
14.437500	485.000000	-0.011085
15.125000	485.000000	-0.032716
15.812500	485.000000	-0.048501
16.500000	485.000000	-0.047453
17.187500	485.000000	-0.023324
17.875000	485.000000	0.014881
18.562500	485.000000	0.046185
19.250000	485.000000	0.056374
19.937500	485.000000	0.047916
20.625000	485.000000	0.031812
21.312500	485.000000	0.016983
22.000000	485.000000	0.006781

0.687500	490.000000	-0.009370
1.375000	490.000000	-0.006794
2.062500	490.000000	-0.002520
2.750000	490.000000	0.000013
3.437500	490.000000	-0.002254
4.125000	490.000000	-0.011277
4.812500	490.000000	-0.027446
5.500000	490.000000	-0.048410
6.187500	490.000000	-0.066685
6.875000	490.000000	-0.068913
7.562500	490.000000	-0.043705
8.250000	490.000000	0.002732
8.937500	490.000000	0.045071
9.625000	490.000000	0.062593
10.312500	490.000000	0.056403
11.000000	490.000000	0.039978
11.687500	490.000000	0.023915
12.375000	490.000000	0.011091
13.062500	490.000000	-0.000733
13.750000	490.000000	-0.014659
14.437500	490.000000	-0.030902
15.125000	490.000000	-0.044282
15.812500	490.000000	-0.044754
16.500000	490.000000	-0.024420
17.187500	490.000000	0.011482
17.875000	490.000000	0.044163
18.562500	490.000000	0.057524
19.250000	490.000000	0.050743
19.937500	490.000000	0.033345
20.625000	490.000000	0.014859
21.312500	490.000000	0.000630
22.000000	490.000000	-0.007417

0.687500	495.000000	-0.042070
1.375000	495.000000	-0.023790
2.062500	495.000000	0.003998
2.750000	495.000000	0.027332
3.437500	495.000000	0.034986
4.125000	495.000000	0.025229
4.812500	495.000000	0.002982
5.500000	495.000000	-0.024806
6.187500	495.000000	-0.048754
6.875000	495.000000	-0.055050
7.562500	495.000000	-0.031914
8.250000	495.000000	0.014366
8.937500	495.000000	0.056965
9.625000	495.000000	0.073363
10.312500	495.000000	0.064134
11.000000	495.000000	0.043106
11.687500	495.000000	0.021173
12.375000	495.000000	0.001298
13.062500	495.000000	-0.018589
13.750000	495.000000	-0.040655
14.437500	495.000000	-0.062095
15.125000	495.000000	-0.071843
15.812500	495.000000	-0.055285
16.500000	495.000000	-0.011066
17.187500	495.000000	0.037861
17.875000	495.000000	0.063464
18.562500	495.000000	0.059139
19.250000	495.000000	0.037105
19.937500	495.000000	0.010633
20.625000	495.000000	-0.013684
21.312500	495.000000	-0.033163
22.000000	495.000000	-0.044369

0.687500	500.000000	-0.048185
1.375000	500.000000	-0.059549
2.062500	500.000000	-0.066700
2.750000	500.000000	-0.066748
3.437500	500.000000	-0.055966
4.125000	500.000000	-0.032233
4.812500	500.000000	0.001257
5.500000	500.000000	0.035192
6.187500	500.000000	0.059347
6.875000	500.000000	0.069090
7.562500	500.000000	0.066451
8.250000	500.000000	0.056535
8.937500	500.000000	0.044130
9.625000	500.000000	0.032474
10.312500	500.000000	0.023223
11.000000	500.000000	0.016557
11.687500	500.000000	0.011200
12.375000	500.000000	0.004660
13.062500	500.000000	-0.006021
13.750000	500.000000	-0.022896
14.437500	500.000000	-0.044848
15.125000	500.000000	-0.064496
15.812500	500.000000	-0.067372
16.500000	500.000000	-0.040926
17.187500	500.000000	0.007690
17.875000	500.000000	0.050251
18.562500	500.000000	0.064477
19.250000	500.000000	0.052274
19.937500	500.000000	0.028266
20.625000	500.000000	0.003808
21.312500	500.000000	-0.016948
22.000000	500.000000	-0.033993

